1741818032958 0.0001 0
1741818033860 0.0001145 1
1741818034874 0.00012900000000000002 2
1741818035816 0.00014350000000000002 3
1741818036728 0.00015800000000000002 4
1741818037725 0.00017250000000000002 5
1741818038394 0.00018700000000000002 6
1741818039003 0.00020150000000000002 7
1741818039614 0.00021600000000000002 8
1741818040224 0.00023050000000000002 9
1741818040812 0.000245 10
1741818042004 0.0002595 11
1741818042812 0.00027400000000000005 12
1741818043559 0.0002885 13
1741818044283 0.00030300000000000005 14
1741818044901 0.0003175 15
1741818045548 0.00033200000000000005 16
1741818046256 0.0003465 17
1741818046890 0.000361 18
1741818047694 0.0003755 19
1741818048506 0.00039 20
1741818049333 0.0004045 21
1741818050148 0.00041900000000000005 22
1741818050996 0.0004335 23
1741818051797 0.00044800000000000005 24
1741818052724 0.0004625 25
1741818052893 0.00047700000000000005 26
1741818053716 0.0004915000000000001 27
1741818054539 0.000506 28
1741818055382 0.0005205 29
1741818056286 0.0005350000000000001 30
1741818057104 0.0005495000000000001 31
1741818057949 0.000564 32
1741818058815 0.0005785 33
1741818059663 0.0005930000000000001 34
1741818060486 0.0006075000000000001 35
1741818061287 0.000622 36
1741818062195 0.0006365000000000001 37
1741818063029 0.0006510000000000001 38
1741818063706 0.0006655000000000001 39
1741818064336 0.00068 40
1741818064969 0.0006945 41
1741818065570 0.0007090000000000001 42
1741818066163 0.0007235000000000001 43
1741818066763 0.0007380000000000002 44
1741818067363 0.0007525 45
1741818068016 0.0007670000000000001 46
1741818068621 0.0007815000000000001 47
1741818069223 0.0007960000000000002 48
1741818069836 0.0008105 49
1741818070457 0.0008250000000000001 50
1741818071030 0.0008395000000000001 51
1741818071625 0.0008540000000000002 52
1741818071745 0.0008685 53
1741818072364 0.0008830000000000001 54
1741818072998 0.0008975000000000001 55
1741818073643 0.0009120000000000002 56
1741818074267 0.0009265 57
1741818074872 0.0009410000000000001 58
1741818075487 0.0009555000000000001 59
1741818076096 0.0009700000000000002 60
1741818076707 0.0009845 61
1741818077319 0.000999 62
1741818077925 0.0010135 63
1741818078535 0.001028 64
1741818079161 0.0010425000000000002 65
1741818079778 0.001057 66
1741818080414 0.0010715000000000002 67
1741818081037 0.0010860000000000002 68
1741818081625 0.0011005000000000001 69
1741818082223 0.001115 70
1741818082836 0.0011295 71
1741818083435 0.001144 72
1741818084041 0.0011585000000000002 73
1741818084646 0.0011730000000000002 74
1741818085246 0.0011875000000000002 75
1741818085858 0.0012020000000000002 76
1741818086434 0.0012165000000000001 77
1741818087037 0.001231 78
1741818087638 0.0012455 79
1741818087723 0.00126 80
1741818088341 0.0012745000000000002 81
1741818088960 0.001289 82
1741818089565 0.0013035000000000002 83
1741818090157 0.0013180000000000002 84
1741818090767 0.0013325000000000001 85
1741818091382 0.001347 86
1741818092000 0.0013615 87
1741818092618 0.0013760000000000003 88
1741818093225 0.0013905 89
1741818093858 0.001405 90
1741818094463 0.0014195000000000002 91
1741818095067 0.0014340000000000002 92
1741818095670 0.0014485 93
1741818096264 0.001463 94
1741818096908 0.0014775 95
1741818097547 0.0014920000000000003 96
1741818098164 0.0015065000000000002 97
1741818098779 0.001521 98
1741818099363 0.0015355000000000002 99
1741818111218 0.0015500000000000002 100
1741818112002 0.0015645000000000004 101
1741818112892 0.001579 102
1741818113707 0.0015935 103
1741818114500 0.0016080000000000003 104
1741818115334 0.0016225000000000002 105
1741818116240 0.001637 106
1741818116459 0.0016515000000000002 107
1741818117296 0.0016660000000000002 108
1741818118345 0.0016805000000000004 109
1741818119246 0.0016950000000000001 110
1741818120108 0.0017095 111
1741818120963 0.0017240000000000003 112
1741818121870 0.0017385000000000002 113
1741818122641 0.001753 114
1741818123446 0.0017675000000000002 115
1741818124270 0.0017820000000000002 116
1741818125100 0.0017965000000000004 117
1741818125909 0.0018110000000000001 118
1741818126704 0.0018255 119
1741818127499 0.0018400000000000003 120
1741818128302 0.0018545000000000002 121
1741818129128 0.001869 122
1741818129950 0.0018835000000000002 123
1741818130762 0.0018980000000000002 124
1741818131522 0.0019125000000000004 125
1741818132343 0.0019270000000000001 126
1741818133236 0.0019415 127
1741818134062 0.0019560000000000003 128
1741818134819 0.0019705 129
1741818135609 0.0019850000000000002 130
1741818136442 0.0019995 131
1741818137199 0.002014 132
1741818137974 0.0020285000000000004 133
1741818138067 0.002043 134
1741818138835 0.0020575 135
1741818139630 0.002072 136
1741818140513 0.0020865000000000002 137
1741818141311 0.002101 138
1741818142098 0.0021154999999999998 139
1741818142922 0.00213 140
1741818143625 0.0021445 141
1741818144217 0.002159 142
1741818144798 0.0021735 143
1741818145374 0.002188 144
1741818145952 0.0022025 145
1741818146542 0.0022170000000000002 146
1741818147125 0.0022315 147
1741818147704 0.002246 148
1741818148291 0.0022605 149
1741818148873 0.002275 150
1741818149442 0.0022895 151
1741818150032 0.002304 152
1741818150645 0.0023185 153
1741818151225 0.002333 154
1741818151820 0.0023474999999999998 155
1741818152401 0.002362 156
1741818152967 0.0023765 157
1741818153557 0.002391 158
1741818154145 0.0024055 159
1741818154721 0.00242 160
1741818154834 0.0024345 161
1741818155404 0.0024490000000000002 162
1741818155976 0.0024635 163
1741818156610 0.0024779999999999997 164
1741818157166 0.0024925 165
1741818157741 0.002507 166
1741818158320 0.0025215000000000003 167
1741818158905 0.002536 168
1741818159497 0.0025505 169
1741818160080 0.002565 170
1741818160664 0.0025795 171
1741818161238 0.002594 172
1741818161824 0.0026085 173
1741818162425 0.002623 174
1741818163006 0.0026375 175
1741818163582 0.0026520000000000003 176
1741818164158 0.0026665000000000005 177
1741818164734 0.002681 178
1741818165305 0.0026955 179
1741818165880 0.0027099999999999997 180
1741818166444 0.0027245 181
1741818167009 0.002739 182
1741818167598 0.0027535000000000003 183
1741818168167 0.002768 184
1741818168737 0.0027825000000000003 185
1741818169324 0.0027969999999999996 186
1741818169890 0.0028114999999999998 187
1741818169959 0.002826 188
1741818170540 0.0028405 189
1741818171123 0.002855 190
1741818171696 0.0028695 191
1741818172273 0.0028840000000000003 192
1741818172871 0.0028985000000000005 193
1741818173437 0.0029130000000000002 194
1741818174016 0.0029275 195
1741818174606 0.0029419999999999997 196
1741818175198 0.0029565 197
1741818175797 0.002971 198
1741818176374 0.0029855000000000003 199
1741818187609 0.003 200
1741818188391 0.002999997791524267 201
1741818189191 0.002999991166103796 202
1741818189980 0.002999980123758769 203
1741818190808 0.002999964664522822 204
1741818191624 0.0029999447884430483 205
1741818192407 0.0029999204955799925 206
1741818193212 0.0029998917860076554 207
1741818194032 0.0029998586598134914 208
1741818194816 0.002999821117098408 209
1741818195637 0.0029997791579767672 210
1741818196465 0.002999732782576384 211
1741818197270 0.002999681991038526 212
1741818198080 0.002999626783517913 213
1741818198883 0.0029995671601827155 214
1741818199091 0.002999503121214558 215
1741818199881 0.002999434666808514 216
1741818200749 0.002999361797173107 217
1741818201548 0.002999284512530311 218
1741818202353 0.0029992028131155483 219
1741818203167 0.0029991166991776893 220
1741818203986 0.0029990261709790514 221
1741818204801 0.0029989312287954004 222
1741818205610 0.0029988318729159465 223
1741818206429 0.0029987281036433448 224
1741818207236 0.0029986199212936942 225
1741818208031 0.0029985073261965364 226
1741818208867 0.0029983903186948566 227
1741818209665 0.0029982688991450797 228
1741818210437 0.00299814306791707 229
1741818211295 0.002998012825394132 230
1741818212051 0.0029978781719730073 231
1741818212782 0.0029977391080638727 232
1741818213545 0.002997595634090341 233
1741818214330 0.00299744775048946 234
1741818215128 0.002997295457711707 235
1741818215871 0.0029971387562209937 236
1741818216599 0.00299697764649466 237
1741818217402 0.0029968121290234726 238
1741818218164 0.002996642204311628 239
1741818218940 0.0029964678728767453 240
1741818219494 0.0029962891352498687 241
1741818219563 0.0029961059919754642 242
1741818220141 0.002995918443611418 243
1741818220703 0.0029957264907290344 244
1741818221251 0.0029955301339130358 245
1741818221814 0.0029953293737615587 246
1741818222378 0.0029951242108861528 247
1741818222953 0.0029949146459117815 248
1741818223506 0.002994700679476814 249
1741818224095 0.0029944823122330312 250
1741818224667 0.002994259544845616 251
1741818225241 0.002994032377993157 252
1741818225804 0.002993800812367644 253
1741818226384 0.002993564848674466 254
1741818226944 0.0029933244876324096 255
1741818227537 0.002993079729973655 256
1741818228114 0.0029928305764437783 257
1741818228700 0.0029925770278017433 258
1741818229275 0.0029923190848199026 259
1741818229862 0.0029920567482839963 260
1741818230440 0.002991790018993147 261
1741818231062 0.002991518897759857 262
1741818231639 0.002991243385410011 263
1741818232233 0.0029909634827828646 264
1741818232827 0.002990679190731052 265
1741818233395 0.0029903905101205746 266
1741818233962 0.002990097441830805 267
1741818234513 0.0029897999867544785 268
1741818234616 0.002989498145797696 269
1741818235186 0.002989191919879917 270
1741818235765 0.002988881309933959 271
1741818236343 0.002988566316905993 272
1741818236988 0.0029882469417555433 273
1741818237574 0.002987923185455481 274
1741818238136 0.0029875950489920253 275
1741818238702 0.0029872625333647357 276
1741818239279 0.0029869256395865123 277
1741818239858 0.0029865843686835932 278
1741818240443 0.002986238721695548 279
1741818241044 0.0029858886996752773 280
1741818241671 0.0029855343036890086 281
1741818242322 0.0029851755348162937 282
1741818242999 0.002984812394150006 283
1741818243647 0.002984444882796333 284
1741818244267 0.0029840730018747793 285
1741818244847 0.0029836967525181586 286
1741818245443 0.002983316135872591 287
1741818246051 0.0029829311530975016 288
1741818246648 0.002982541805365614 289
1741818247243 0.00298214809386295 290
1741818247838 0.0029817500197888216 291
1741818248414 0.002981347584355833 292
1741818249010 0.0029809407887898707 293
1741818249615 0.002980529634330106 294
1741818250212 0.0029801141222289855 295
1741818250283 0.002979694253752232 296
1741818250887 0.0029792700301788377 297
1741818251489 0.002978841452801061 298
1741818252085 0.002978408522924422 299
1741818262942 0.002977971241867702 300
1741818263753 0.002977529610962933 301
1741818264548 0.0029770836315554006 302
1741818265335 0.0029766333050036354 303
1741818266127 0.0029761786326794096 304
1741818266900 0.0029757196159677342 305
1741818267709 0.0029752562562668536 306
1741818268627 0.002974788554988242 307
1741818269434 0.002974316513556599 308
1741818270306 0.0029738401334098437 309
1741818271097 0.002973359415999113 310
1741818271909 0.0029728743627887555 311
1741818272730 0.0029723849752563277 312
1741818273580 0.0029718912548925887 313
1741818274410 0.0029713932032014966 314
1741818275233 0.002970890821700203 315
1741818276042 0.0029703841119190486 316
1741818276816 0.0029698730754015605 317
1741818277669 0.0029693577137044434 318
1741818278497 0.002968838028397579 319
1741818279325 0.0029683140210640183 320
1741818280095 0.0029677856932999788 321
1741818280896 0.0029672530467148395 322
1741818281070 0.0029667160829311323 323
1741818281879 0.0029661748035845433 324
1741818282693 0.0029656292103239033 325
1741818283553 0.002965079304811184 326
1741818284335 0.002964525088721492 327
1741818285130 0.0029639665637430667 328
1741818285923 0.0029634037315772717 329
1741818286764 0.0029628365939385914 330
1741818287560 0.0029622651525546247 331
1741818288358 0.0029616894091660825 332
1741818289138 0.002961109365526778 333
1741818289930 0.0029605250234036253 334
1741818290663 0.002959936384576631 335
1741818291436 0.0029593434508388924 336
1741818292229 0.002958746223996587 337
1741818293062 0.0029581447058689724 338
1741818293848 0.002957538898288377 339
1741818294628 0.0029569288031001946 340
1741818295409 0.002956314422162883 341
1741818296023 0.0029556957573479517 342
1741818296621 0.0029550728105399607 343
1741818297213 0.002954445583636515 344
1741818297802 0.0029538140785482564 345
1741818298439 0.0029531782971988587 346
1741818299022 0.0029525382415250215 347
1741818299623 0.0029518939134764665 348
1741818300226 0.0029512453150159277 349
1741818300294 0.002950592448119149 350
1741818300888 0.002949935314774876 351
1741818301479 0.0029492739169848514 352
1741818302081 0.0029486082567638074 353
1741818302674 0.00294793833613946 354
1741818303264 0.002947264157152503 355
1741818303855 0.0029465857218566043 356
1741818304441 0.002945903032318394 357
1741818305040 0.0029452160906174637 358
1741818305625 0.0029445248988463563 359
1741818306194 0.0029438294591105623 360
1741818306764 0.0029431297735285113 361
1741818307348 0.0029424258442315677 362
1741818307944 0.002941717673364021 363
1741818308543 0.002941005263083083 364
1741818309125 0.00294028861555888 365
1741818309726 0.002939567732974443 366
1741818310319 0.0029388426175257065 367
1741818310924 0.0029381132714214973 368
1741818311521 0.002937379696883531 369
1741818312120 0.0029366418961464017 370
1741818312715 0.0029358998714575785 371
1741818313302 0.002935153625077398 372
1741818313898 0.0029344031592790564 373
1741818314463 0.0029336484763486013 374
1741818315029 0.002932889578584929 375
1741818315618 0.0029321264682997733 376
1741818315731 0.0029313591478177 377
1741818316320 0.002930587619476101 378
1741818316917 0.002929811885625185 379
1741818317507 0.002929031948627973 380
1741818318087 0.0029282478108602866 381
1741818318664 0.002927459474710746 382
1741818319236 0.002926666942580761 383
1741818319864 0.00292587021688452 384
1741818320443 0.002925069300048989 385
1741818321020 0.0029242641945138995 386
1741818321619 0.002923454902731742 387
1741818322222 0.0029226414271677596 388
1741818322824 0.0029218237702999406 389
1741818323399 0.0029210019346190097 390
1741818323988 0.00292017592262842 391
1741818324551 0.002919345736844348 392
1741818325146 0.0029185113797956827 393
1741818325746 0.0029176728540240213 394
1741818326324 0.002916830162083659 395
1741818326896 0.0029159833065415803 396
1741818327516 0.002915132289977455 397
1741818328125 0.002914277114983627 398
1741818328748 0.0029134177841651076 399
1741818339121 0.002912554300139567 400
1741818339932 0.002911686665537328 401
1741818340759 0.002910814883001356 402
1741818341530 0.0029099389551872517 403
1741818341627 0.0029090588847632427 404
1741818342431 0.0029081746744101765 405
1741818343275 0.0029072863268215115 406
1741818344096 0.002906393844703308 407
1741818344911 0.002905497230774221 408
1741818345746 0.0029045964877654927 409
1741818346668 0.0029036916184209424 410
1741818347591 0.0029027826254969594 411
1741818348717 0.0029018695117624927 412
1741818349900 0.002900952279999046 413
1741818350887 0.0029000309330006664 414
1741818351882 0.0028991054735739356 415
1741818353099 0.0028981759045379643 416
1741818354115 0.0028972422287243814 417
1741818355140 0.0028963044489773247 418
1741818356159 0.002895362568153434 419
1741818357106 0.002894416589121842 420
1741818357631 0.002893466514764164 421
1741818358104 0.0028925123479744924 422
1741818358580 0.0028915540916593842 423
1741818359053 0.0028905917487378543 424
1741818359529 0.002889625322141366 425
1741818360003 0.0028886548148138224 426
1741818360495 0.002887680229711557 427
1741818360988 0.002886701569803326 428
1741818361467 0.002885718838070296 429
1741818361946 0.0028847320375060387 430
1741818362035 0.00288374117111652 431
1741818362507 0.0028827462419200897 432
1741818362987 0.0028817472529474764 433
1741818363467 0.0028807442072417725 434
1741818363955 0.00287973710785843 435
1741818364426 0.0028787259578652476 436
1741818364913 0.002877710760342364 437
1741818365414 0.002876691518382246 438
1741818365888 0.0028756682350896826 439
1741818366373 0.0028746409135817714 440
1741818366844 0.002873609556987912 441
1741818367327 0.002872574168449796 442
1741818367804 0.0028715347511213954 443
1741818368302 0.0028704913081689567 444
1741818368793 0.0028694438427709877 445
1741818369267 0.0028683923581182495 446
1741818369741 0.0028673368574137466 447
1741818370219 0.0028662773438727176 448
1741818370710 0.002865213820722624 449
1741818371190 0.0028641462912031425 450
1741818371668 0.0028630747585661523 451
1741818372141 0.0028619992260757285 452
1741818372620 0.0028609196970081287 453
1741818373094 0.0028598361746517862 454
1741818373583 0.002858748662307298 455
1741818374075 0.0028576571632874153 456
1741818374550 0.002856561680917033 457
1741818374610 0.0028554622185331807 458
1741818375087 0.0028543587794850117 459
1741818375563 0.0028532513671337923 460
1741818376038 0.0028521399848528924 461
1741818376515 0.002851024636027776 462
1741818377008 0.002849905324055989 463
1741818377489 0.0028487820523471485 464
1741818377963 0.0028476548243229365 465
1741818378443 0.002846523643417084 466
1741818378946 0.0028453885130753647 467
1741818379454 0.0028442494367555823 468
1741818379948 0.0028431064179275604 469
1741818380460 0.0028419594600731335 470
1741818380955 0.0028408085666861336 471
1741818381443 0.0028396537412723817 472
1741818381934 0.002838494987349676 473
1741818382434 0.0028373323084477818 474
1741818382923 0.002836165708108421 475
1741818383418 0.002834995189885261 476
1741818383910 0.0028338207573439032 477
1741818384415 0.002832642414061872 478
1741818384911 0.002831460163628606 479
1741818385404 0.002830274009645444 480
1741818385896 0.0028290839557256185 481
1741818386402 0.0028278900054942387 482
1741818386913 0.002826692162588285 483
1741818387387 0.0028254904306565937 484
1741818387469 0.0028242848133598498 485
1741818387940 0.0028230753143705717 486
1741818388459 0.0028218619373731038 487
1741818388959 0.002820644686063602 488
1741818389435 0.002819423564150026 489
1741818389912 0.002818198575352124 490
1741818390409 0.002816969723401425 491
1741818390880 0.002815737012041224 492
1741818391394 0.0028145004450265748 493
1741818391867 0.0028132600261242743 494
1741818392339 0.0028120157591128548 495
1741818392821 0.0028107676477825676 496
1741818393298 0.0028095156959353773 497
1741818393771 0.0028082599073849463 498
1741818394254 0.002807000285956624 499
1741818400191 0.0028057368354874363 500
1741818400683 0.0028044695598260713 501
1741818401177 0.002803198462832872 502
1741818401683 0.002801923548379819 503
1741818402176 0.0028006448203505233 504
1741818402654 0.0027993622826402126 505
1741818403144 0.002798075939155718 506
1741818403634 0.0027967857938154665 507
1741818404118 0.0027954918505494635 508
1741818404602 0.0027941941132992847 509
1741818405100 0.002792892586018063 510
1741818405600 0.002791587272670476 511
1741818405672 0.0027902781772327348 512
1741818406159 0.002788965303692571 513
1741818406637 0.0027876486560492247 514
1741818407115 0.002786328238313434 515
1741818407593 0.002785004054507419 516
1741818408073 0.0027836761086648745 517
1741818408565 0.002782344404830953 518
1741818409060 0.002781008947062255 519
1741818409531 0.0027796697394268173 520
1741818410002 0.0027783267860040993 521
1741818410476 0.002776980090884968 522
1741818410953 0.0027756296581716916 523
1741818411432 0.002774275491977922 524
1741818411911 0.0027729175964286844 525
1741818412389 0.002771555975660364 526
1741818412882 0.002770190633820694 527
1741818413363 0.0027688215750687425 528
1741818413853 0.0027674488035748994 529
1741818414366 0.002766072323520865 530
1741818414862 0.0027646921390996363 531
1741818415382 0.002763308254515494 532
1741818415880 0.002761920673983992 533
1741818416381 0.0027605294017319392 534
1741818416868 0.002759134441997394 535
1741818417365 0.0027577357990296444 536
1741818417848 0.0027563334770892 537
1741818418339 0.002754927480447776 538
1741818418426 0.002753517813388283 539
1741818418926 0.0027521044802048104 540
1741818419443 0.0027506874852026167 541
1741818419942 0.0027492668326981147 542
1741818420455 0.0027478425270188577 543
1741818420951 0.002746414572503528 544
1741818421455 0.0027449829735019223 545
1741818421963 0.002743547734374941 546
1741818422464 0.0027421088594945693 547
1741818422963 0.002740666353243871 548
1741818423481 0.0027392202200169696 549
1741818423979 0.0027377704642190383 550
1741818424504 0.002736317090266284 551
1741818424994 0.0027348601025859363 552
1741818425489 0.002733399505616232 553
1741818426002 0.0027319353038064037 554
1741818426488 0.002730467501616663 555
1741818426974 0.00272899610351819 556
1741818427461 0.0027275211139931193 557
1741818427953 0.0027260425375345235 558
1741818428442 0.002724560378646404 559
1741818428929 0.002723074641843674 560
1741818429416 0.0027215853316521444 561
1741818429915 0.002720092452608513 562
1741818430406 0.002718596009260348 563
1741818430895 0.0027170960061660755 564
1741818431386 0.002715592447894965 565
1741818431447 0.002714085339027116 566
1741818431934 0.0027125746841534432 567
1741818432425 0.0027110604878756634 568
1741818432926 0.0027095427548062814 569
1741818433425 0.0027080214895685746 570
1741818433923 0.0027064966967965814 571
1741818434432 0.0027049683811350847 572
1741818434929 0.0027034365472395987 573
1741818435430 0.002701901199776356 574
1741818435929 0.002700362343422291 575
1741818436433 0.0026988199828650267 576
1741818436918 0.0026972741228028607 577
1741818437411 0.002695724767944751 578
1741818437898 0.0026941719230103014 579
1741818438387 0.0026926155927297466 580
1741818438883 0.0026910557818439393 581
1741818439387 0.002689492495104333 582
1741818439882 0.0026879257372729704 583
1741818440384 0.0026863555131224678 584
1741818440873 0.002684781827436 585
1741818441357 0.0026832046850072872 586
1741818441843 0.002681624090640578 587
1741818442335 0.002680040049150638 588
1741818442830 0.0026784525653627306 589
1741818443352 0.002676861644112608 590
1741818443856 0.0026752672902464916 591
1741818444344 0.0026736695086210607 592
1741818444430 0.002672068304103434 593
1741818444919 0.002670463681571159 594
1741818445411 0.002668855645912194 595
1741818445918 0.0026672442020248942 596
1741818446407 0.002665629354817998 597
1741818446896 0.0026640111092106093 598
1741818447386 0.0026623894701321847 599
1741818453392 0.002660764442522518 600
1741818453895 0.0026591360313317266 601
1741818454387 0.0026575042415202315 602
1741818454871 0.0026558690780587478 603
1741818455358 0.0026542305459282683 604
1741818455844 0.002652588650120045 605
1741818456343 0.002650943395635577 606
1741818456837 0.002649294787486596 607
1741818457331 0.002647642830695047 608
1741818457817 0.0026459875302930775 609
1741818458304 0.0026443288913230198 610
1741818458791 0.0026426669188373752 611
1741818459286 0.0026410016178988003 612
1741818459767 0.0026393329935800913 613
1741818460250 0.0026376610509641664 614
1741818460725 0.0026359857951440534 615
1741818461203 0.002634307231222871 616
1741818461699 0.0026326253643138174 617
1741818462196 0.00263094019954015 618
1741818462675 0.0026292517420351733 619
1741818462735 0.0026275599969422217 620
1741818463242 0.0026258649694146435 621
1741818463717 0.0026241666646157876 622
1741818464193 0.002622465087718984 623
1741818464668 0.0026207602439075315 624
1741818465142 0.00261905213837468 625
1741818465640 0.002617340776323615 626
1741818466120 0.002615626162967442 627
1741818466617 0.002613908303529171 628
1741818467097 0.0026121872032416993 629
1741818467577 0.0026104628673477973 630
1741818468065 0.0026087353011000907 631
1741818468561 0.0026070045097610467 632
1741818469049 0.0026052704986029556 633
1741818469527 0.0026035332729079153 634
1741818470010 0.002601792837967817 635
1741818470484 0.002600049199084328 636
1741818470955 0.0025983023615688736 637
1741818471432 0.0025965523307426254 638
1741818471901 0.0025947991119364792 639
1741818472379 0.0025930427104910443 640
1741818472873 0.0025912831317566236 641
1741818473387 0.0025895203810932 642
1741818473875 0.0025877544638704167 643
1741818474366 0.002585985385467565 644
1741818474839 0.0025842131512735633 645
1741818475312 0.002582437766686945 646
1741818475396 0.0025806592371158395 647
1741818475903 0.0025788775679779553 648
1741818476385 0.0025770927647005668 649
1741818476857 0.0025753048327204937 650
1741818477332 0.0025735137774840875 651
1741818477803 0.0025717196044472124 652
1741818478306 0.0025699223190752307 653
1741818478788 0.0025681219268429856 654
1741818479259 0.0025663184332347837 655
1741818479734 0.00256451184374438 656
1741818480216 0.0025627021638749588 657
1741818480709 0.0025608893991391187 658
1741818481189 0.0025590735550588555 659
1741818481669 0.002557254637165546 660
1741818482140 0.0025554326509999287 661
1741818482617 0.0025536076021120896 662
1741818483096 0.002551779496061445 663
1741818483579 0.002549948338416721 664
1741818484054 0.002548114134755943 665
1741818484528 0.0025462768906664135 666
1741818484999 0.002544436611744696 667
1741818485492 0.0025425933035965985 668
1741818485982 0.002540746971837159 669
1741818486463 0.002538897622090623 670
1741818486936 0.0025370452599904306 671
1741818487411 0.002535189891179199 672
1741818487891 0.0025333315213087026 673
1741818487950 0.002531470156039858 674
1741818488433 0.0025296058010427077 675
1741818488922 0.002527738461996399 676
1741818489399 0.0025258681445891715 677
1741818489873 0.0025239948545183358 678
1741818490358 0.002522118597490259 679
1741818490841 0.0025202393792203444 680
1741818491320 0.0025183572054330175 681
1741818491810 0.002516472081861706 682
1741818492290 0.0025145840142488233 683
1741818492758 0.00251269300834575 684
1741818493242 0.0025107990699128196 685
1741818493715 0.0025089022047192953 686
1741818494199 0.0025070024185433583 687
1741818494671 0.0025050997171720867 688
1741818495142 0.002503194106401439 689
1741818495631 0.0025012855920362354 690
1741818496128 0.0024993741798901427 691
1741818496604 0.0024974598757856533 692
1741818497078 0.0024955426855540687 693
1741818497566 0.002493622615035484 694
1741818498045 0.0024916996700787663 695
1741818498522 0.0024897738565415398 696
1741818499016 0.0024878451802901663 697
1741818499504 0.0024859136471997285 698
1741818499979 0.0024839792631540106 699
1741818505832 0.0024820420340454824 700
1741818505912 0.002480101965775279 701
1741818506406 0.0024781590642531854 702
1741818506906 0.002476213335397617 703
1741818507406 0.0024742647851356 704
1741818507906 0.0024723134194027576 705
1741818508403 0.002470359244143288 706
1741818508895 0.002468402265309948 707
1741818509395 0.002466442488864034 708
1741818509888 0.002464479920775365 709
1741818510382 0.0024625145670222645 710
1741818510867 0.00246054643359154 711
1741818511351 0.0024585755264784678 712
1741818511835 0.0024566018516867724 713
1741818512345 0.0024546254152286104 714
1741818512837 0.0024526462231245485 715
1741818513336 0.00245066428140355 716
1741818513818 0.002448679596102953 717
1741818514310 0.0024466921732684537 718
1741818514806 0.0024447020189540857 719
1741818515317 0.0024427091392222045 720
1741818515801 0.0024407135401434675 721
1741818516300 0.0024387152277968163 722
1741818516783 0.0024367142082694555 723
1741818517275 0.002434710487656838 724
1741818517761 0.002432704072062645 725
1741818518268 0.0024306949675987656 726
1741818518766 0.0024286831803852814 727
1741818518827 0.0024266687165504434 728
1741818519337 0.00242465158223066 729
1741818519841 0.0024226317835704704 730
1741818520351 0.002420609326722532 731
1741818520859 0.0024185842178475994 732
1741818521362 0.0024165564631145058 733
1741818521857 0.002414526068700143 734
1741818522354 0.0024124930407894447 735
1741818522853 0.002410457385575367 736
1741818523344 0.002408419109258868 737
1741818523826 0.0024063782180488917 738
1741818524309 0.002404334718162346 739
1741818524791 0.002402288615824086 740
1741818525273 0.0024002399172668946 741
1741818525752 0.0023981886287314626 742
1741818526234 0.0023961347564663703 743
1741818526711 0.0023940783067280696 744
1741818527192 0.0023920192857808625 745
1741818527680 0.0023899576998968842 746
1741818528172 0.002387893555356083 747
1741818528656 0.0023858268584462 748
1741818529136 0.002383757615462754 749
1741818529619 0.002381685832709017 750
1741818530105 0.0023796115164959985 751
1741818530599 0.002377534673142426 752
1741818531094 0.002375455308974724 753
1741818531567 0.002373373430326997 754
1741818531651 0.0023712890435410076 755
1741818532126 0.00236920215496616 756
1741818532604 0.0023671127709594783 757
1741818533095 0.00236502089788559 758
1741818533572 0.0023629265421167005 759
1741818534060 0.002360829710032583 760
1741818534539 0.002358730408020551 761
1741818535019 0.002356628642475442 762
1741818535500 0.002354524419799599 763
1741818535992 0.002352417746402849 764
1741818536466 0.0023503086287024843 765
1741818536961 0.002348197073123244 766
1741818537443 0.0023460830860972913 767
1741818537934 0.002343966674064198 768
1741818538412 0.002341847843470922 769
1741818538897 0.002339726600771789 770
1741818539379 0.0023376029524284727 771
1741818539859 0.002335476904909973 772
1741818540344 0.0023333484646926 773
1741818540821 0.0023312176382599514 774
1741818541313 0.0023290844321028946 775
1741818541799 0.002326948852719545 776
1741818542290 0.0023248109066152487 777
1741818542780 0.0023226706003025583 778
1741818543271 0.0023205279403012203 779
1741818543748 0.0023183829331381474 780
1741818544264 0.002316235585347403 781
1741818544326 0.002314085903470183 782
1741818544841 0.002311933894054788 783
1741818545357 0.002309779563656615 784
1741818545873 0.002307622918838126 785
1741818546413 0.002305463966168836 786
1741818546931 0.002303302712225289 787
1741818547452 0.002301139163591039 788
1741818547954 0.0022989733268566305 789
1741818548465 0.0022968052086195785 790
1741818548965 0.0022946348154843465 791
1741818549470 0.0022924621540623288 792
1741818549977 0.0022902872309718287 793
1741818550492 0.0022881100528380385 794
1741818551019 0.002285930626293021 795
1741818551526 0.002283748957975688 796
1741818552036 0.0022815650545317777 797
1741818552551 0.002279378922613841 798
1741818553062 0.002277190568881213 799
1741818559293 0.002275 800
1741818559789 0.002272807222643054 801
1741818560290 0.002270612243489955 802
1741818560782 0.002268415069226991 803
1741818561297 0.002266215706547135 804
1741818561806 0.0022640141621500273 805
1741818562319 0.002261810442741954 806
1741818562801 0.0022596045550358273 807
1741818563294 0.0022573965057511624 808
1741818563379 0.002255186301614061 809
1741818563875 0.002252973949357189 810
1741818564378 0.0022507594557197533 811
1741818564876 0.002248542827447487 812
1741818565382 0.0022463240712926238 813
1741818565886 0.00224410319401388 814
1741818566397 0.0022418802023764324 815
1741818566879 0.0022396551031518995 816
1741818567372 0.002237427903118319 817
1741818567860 0.0022351986090601286 818
1741818568354 0.0022329672277681444 819
1741818568842 0.0022307337660395416 820
1741818569336 0.0022284982306778316 821
1741818569821 0.0022262606284928423 822
1741818570323 0.0022240209663006985 823
1741818570809 0.0022217792509237996 824
1741818571298 0.0022195354891907993 825
1741818571794 0.0022172896879365848 826
1741818572291 0.0022150418540022566 827
1741818572792 0.002212791994235107 828
1741818573297 0.0022105401154885974 829
1741818573783 0.0022082862246223427 830
1741818574292 0.0022060303285020852 831
1741818574794 0.0022037724339996744 832
1741818575299 0.0022015125479930503 833
1741818575811 0.002199250677366216 834
1741818576303 0.002196986829009223 835
1741818576365 0.0021947210098181447 836
1741818576862 0.0021924532266950608 837
1741818577362 0.0021901834865480307 838
1741818577861 0.002187911796291077 839
1741818578346 0.0021856381628441624 840
1741818578837 0.0021833625931331683 841
1741818579338 0.002181085094089875 842
1741818579826 0.0021788056726519387 843
1741818580325 0.002176524335762874 844
1741818580819 0.002174241090372028 845
1741818581319 0.0021719559434345615 846
1741818581820 0.0021696689019114293 847
1741818582342 0.002167379972769355 848
1741818582839 0.0021650891629808157 849
1741818583343 0.002162796479524014 850
1741818583842 0.0021605019293828623 851
1741818584346 0.0021582055195469574 852
1741818584848 0.002155907257011561 853
1741818585375 0.002153607148777582 854
1741818585880 0.002151305201851547 855
1741818586386 0.002149001423245586 856
1741818586895 0.0021466958199774077 857
1741818587402 0.0021443883990702804 858
1741818587893 0.0021420791675530082 859
1741818588406 0.0021397681324599105 860
1741818588905 0.0021374553008308007 861
1741818589409 0.0021351406797109657 862
1741818589493 0.0021328242761511425 863
1741818589996 0.0021305060972074976 864
1741818590492 0.002128186149941607 865
1741818590985 0.002125864441420432 866
1741818591471 0.002123540978716299 867
1741818591989 0.0021212157689068792 868
1741818592512 0.0021188888190751642 869
1741818593008 0.002116560136309447 870
1741818593515 0.002114229727703299 871
1741818594025 0.0021118976003555493 872
1741818594537 0.002109563761370262 873
1741818595049 0.0021072282178567154 874
1741818595564 0.00210489097692938 875
1741818596073 0.0021025520457078973 876
1741818596561 0.0021002114313170574 877
1741818597051 0.0020978691408867775 878
1741818597550 0.00209552518155208 879
1741818598076 0.0020931795604530725 880
1741818598579 0.002090832284734923 881
1741818599084 0.0020884833615478406 882
1741818599587 0.0020861327980470526 883
1741818600094 0.002083780601392783 884
1741818600604 0.002081426778750231 885
1741818601101 0.0020790713372895483 886
1741818601610 0.002076714284185819 887
1741818602125 0.002074355626619034 888
1741818602641 0.0020719953717740747 889
1741818602702 0.002069633526840685 890
1741818603230 0.0020672700990134562 891
1741818603750 0.0020649050954917986 892
1741818604276 0.002062538523479923 893
1741818604766 0.0020601703901868174 894
1741818605250 0.002057800702826228 895
1741818605755 0.002055429468616632 896
1741818606238 0.002053056694781221 897
1741818606744 0.002050682388547875 898
1741818607225 0.0020483065571491434 899
1741818613477 0.00204592920782222 900
1741818613986 0.002043550347808923 901
1741818614515 0.0020411699843556727 902
1741818615038 0.0020387881247134693 903
1741818615546 0.00203640477613787 904
1741818616061 0.002034019945888968 905
1741818616570 0.0020316336412313702 906
1741818617079 0.002029245869434174 907
1741818617583 0.002026856637770946 908
1741818618081 0.0020244659535197007 909
1741818618587 0.002022073823962877 910
1741818619090 0.002019680256387317 911
1741818619609 0.002017285258084241 912
1741818620121 0.0020148888363492306 913
1741818620623 0.0020124909984822015 914
1741818621110 0.0020100917517873835 915
1741818621600 0.0020076911035732986 916
1741818621684 0.0020052890611527373 917
1741818622194 0.0020028856318427372 918
1741818622698 0.0020004808229645613 919
1741818623196 0.001998074641843674 920
1741818623685 0.001995667095809721 921
1741818624178 0.001993258192196504 922
1741818624669 0.001990847938341961 923
1741818625170 0.0019884363415881446 924
1741818625687 0.001986023409281196 925
1741818626177 0.001983609148771326 926
1741818626673 0.0019811935674127895 927
1741818627191 0.001978776672563868 928
1741818627704 0.001976358471586841 929
1741818628196 0.0019739389718479686 930
1741818628683 0.001971518180717466 931
1741818629176 0.0019690961055694838 932
1741818629681 0.001966672753782083 933
1741818630169 0.0019642481327372114 934
1741818630661 0.0019618222498206882 935
1741818631145 0.001959395112422171 936
1741818631638 0.0019569667279351424 937
1741818632122 0.0019545371037568825 938
1741818632609 0.0019521062472884483 939
1741818633098 0.0019496741659346492 940
1741818633586 0.0019472408671040269 941
1741818634083 0.001944806358208833 942
1741818634572 0.0019423706466650027 943
1741818634633 0.0019399337398921356 944
1741818635123 0.0019374956453134726 945
1741818635614 0.001935056370355873 946
1741818636105 0.001932615922449791 947
1741818636582 0.0019301743090292542 948
1741818637072 0.0019277315375318405 949
1741818637558 0.0019252876153986553 950
1741818638037 0.0019228425500743098 951
1741818638523 0.0019203963490068965 952
1741818639003 0.0019179490196479685 953
1741818639475 0.0019155005694525154 954
1741818639951 0.0019130510058789404 955
1741818640430 0.0019106003363890394 956
1741818640937 0.0019081485684479776 957
1741818641454 0.001905695709524264 958
1741818641962 0.0019032417670897326 959
1741818642474 0.0019007867486195182 960
1741818642982 0.0018983306615920326 961
1741818643492 0.0018958735134889427 962
1741818643987 0.0018934153117951475 963
1741818644490 0.0018909560639987556 964
1741818644989 0.0018884957775910632 965
1741818645487 0.0018860344600665285 966
1741818645987 0.0018835721189227517 967
1741818646485 0.0018811087616604511 968
1741818646992 0.00187864439578344 969
1741818647499 0.0018761790287986043 970
1741818647585 0.0018737126682158798 971
1741818648104 0.001871245321548228 972
1741818648611 0.001868776996311615 973
1741818649116 0.0018663077000249868 974
1741818649622 0.0018638374402102492 975
1741818650121 0.0018613662243922421 976
1741818650619 0.0018588940600987164 977
1741818651127 0.0018564209548603135 978
1741818651627 0.0018539469162105419 979
1741818652123 0.0018514719516857514 980
1741818652631 0.0018489960688251132 981
1741818653149 0.001846519275170596 982
1741818653654 0.0018440415782669433 983
1741818654165 0.0018415629856616492 984
1741818654669 0.0018390835049049363 985
1741818655174 0.001836603143549733 986
1741818655670 0.0018341219091516509 987
1741818656185 0.0018316398092689597 988
1741818656680 0.001829156851462566 989
1741818657190 0.0018266730432959903 990
1741818657686 0.0018241883923353428 991
1741818658191 0.001821702906149301 992
1741818658695 0.0018192165923090872 993
1741818659215 0.0018167294583884444 994
1741818659720 0.0018142415119636144 995
1741818660233 0.001811752760613312 996
1741818660746 0.001809263211918707 997
1741818660808 0.0018067728734633961 998
1741818661313 0.0018042817528333818 999
1741818667223 0.0018017898576170495 1000
1741818667706 0.001799297195405144 1001
1741818668200 0.0017968037737907474 1002
1741818668682 0.001794309600369254 1003
1741818669168 0.0017918146827383486 1004
1741818669662 0.001789319028497983 1005
1741818670169 0.0017868226452503525 1006
1741818670650 0.0017843255405998737 1007
1741818671134 0.0017818277221531608 1008
1741818671615 0.0017793291975190017 1009
1741818672112 0.0017768299743083354 1010
1741818672597 0.001774330060134229 1011
1741818673097 0.0017718294626118554 1012
1741818673586 0.0017693281893584683 1013
1741818674072 0.0017668262479933793 1014
1741818674557 0.0017643236461379354 1015
1741818675042 0.0017618203914154971 1016
1741818675533 0.0017593164914514116 1017
1741818676017 0.0017568119538729921 1018
1741818676518 0.0017543067863094953 1019
1741818677000 0.001751800996392095 1020
1741818677486 0.001749294591753863 1021
1741818677984 0.0017467875800297415 1022
1741818678469 0.001744279968856524 1023
1741818678948 0.0017417717658728283 1024
1741818679035 0.0017392629787190749 1025
1741818679521 0.0017367536150374664 1026
1741818680033 0.0017342436824719584 1027
1741818680523 0.0017317331886682417 1028
1741818681017 0.0017292221412737146 1029
1741818681500 0.0017267105479374639 1030
1741818681990 0.0017241984163102384 1031
1741818682476 0.0017216857540444267 1032
1741818682977 0.0017191725687940329 1033
1741818683485 0.0017166588682146569 1034
1741818683979 0.001714144659963465 1035
1741818684477 0.001711629951699172 1036
1741818684974 0.0017091147510820159 1037
1741818685481 0.0017065990657737333 1038
1741818685980 0.0017040829034375385 1039
1741818686475 0.0017015662717380978 1040
1741818686970 0.0016990491783415082 1041
1741818687471 0.0016965316309152725 1042
1741818687973 0.0016940136371282766 1043
1741818688480 0.001691495204650767 1044
1741818688978 0.001688976341154325 1045
1741818689476 0.0016864570543118462 1046
1741818689958 0.0016839373517975142 1047
1741818690442 0.0016814172412867813 1048
1741818690925 0.0016788967304563406 1049
1741818691413 0.0016763758269841048 1050
1741818691902 0.0016738545385491831 1051
1741818691963 0.0016713328728318578 1052
1741818692452 0.0016688108375135598 1053
1741818692927 0.0016662884402768455 1054
1741818693426 0.0016637656888053756 1055
1741818693905 0.0016612425907838876 1056
1741818694386 0.0016587191538981754 1057
1741818694869 0.0016561953858350662 1058
1741818695359 0.0016536712942823947 1059
1741818695830 0.0016511468869289821 1060
1741818696313 0.0016486221714646105 1061
1741818696793 0.0016460971555800003 1062
1741818697274 0.0016435718469667894 1063
1741818697750 0.0016410462533175047 1064
1741818698228 0.0016385203823255428 1065
1741818698727 0.0016359942416851445 1066
1741818699216 0.001633467839091373 1067
1741818699691 0.0016309411822400877 1068
1741818700174 0.0016284142788279244 1069
1741818700641 0.001625887136552269 1070
1741818701116 0.0016233597631112346 1071
1741818701603 0.0016208321662036396 1072
1741818702090 0.001618304353528982 1073
1741818702569 0.0016157763327874183 1074
1741818703043 0.0016132481116797378 1075
1741818703520 0.0016107196979073396 1076
1741818704001 0.0016081910991722118 1077
1741818704471 0.0016056623231769042 1078
1741818704554 0.001603133377624507 1079
1741818705045 0.0016006042702186266 1080
1741818705522 0.0015980750086633632 1081
1741818706010 0.0015955456006632861 1082
1741818706485 0.0015930160539234111 1083
1741818706965 0.0015904863761491753 1084
1741818707463 0.001587956575046416 1085
1741818707959 0.0015854266583213475 1086
1741818708450 0.001582896633680533 1087
1741818708954 0.0015803665088308678 1088
1741818709451 0.0015778362914795501 1089
1741818709948 0.0015753059893340614 1090
1741818710453 0.0015727756101021402 1091
1741818710974 0.001570245161491761 1092
1741818711475 0.001567714651211109 1093
1741818711977 0.0015651840869685566 1094
1741818712482 0.0015626534764726424 1095
1741818712993 0.0015601228274320445 1096
1741818713498 0.0015575921475555587 1097
1741818713998 0.0015550614445520743 1098
1741818714502 0.0015525307261305527 1099
1741818720664 0.0015500000000000002 1100
1741818721152 0.0015474692738694478 1101
1741818721661 0.001544938555447926 1102
1741818722173 0.0015424078524444416 1103
1741818722668 0.0015398771725679558 1104
1741818723183 0.0015373465235273582 1105
1741818723245 0.0015348159130314438 1106
1741818723757 0.001532285348788892 1107
1741818724273 0.0015297548385082395 1108
1741818724779 0.00152722438989786 1109
1741818725298 0.001524694010665939 1110
1741818725797 0.0015221637085204502 1111
1741818726311 0.001519633491169133 1112
1741818726825 0.001517103366319467 1113
1741818727348 0.0015145733416786532 1114
1741818727866 0.0015120434249535843 1115
1741818728382 0.0015095136238508257 1116
1741818728889 0.0015069839460765894 1117
1741818729415 0.0015044543993367142 1118
1741818729938 0.0015019249913366373 1119
1741818730463 0.0014993957297813737 1120
1741818730976 0.0014968666223754937 1121
1741818731481 0.0014943376768230964 1122
1741818731981 0.0014918089008277887 1123
1741818732478 0.0014892803020926607 1124
1741818732971 0.0014867518883202632 1125
1741818733462 0.0014842236672125825 1126
1741818733948 0.0014816956464710183 1127
1741818734439 0.001479167833796361 1128
1741818734933 0.001476640236888766 1129
1741818735430 0.0014741128634477318 1130
1741818735917 0.0014715857211720757 1131
1741818736430 0.0014690588177599126 1132
1741818736519 0.0014665321609086278 1133
1741818737009 0.001464005758314856 1134
1741818737498 0.001461479617674458 1135
1741818737984 0.0014589537466824958 1136
1741818738479 0.0014564281530332112 1137
1741818738968 0.0014539028444200003 1138
1741818739466 0.0014513778285353905 1139
1741818739961 0.0014488531130710184 1140
1741818740445 0.0014463287057176056 1141
1741818740936 0.001443804614164934 1142
1741818741422 0.001441280846101825 1143
1741818741907 0.0014387574092161134 1144
1741818742401 0.0014362343111946252 1145
1741818742891 0.0014337115597231546 1146
1741818743386 0.001431189162486441 1147
1741818743875 0.001428667127168143 1148
1741818744371 0.0014261454614508179 1149
1741818744856 0.0014236241730158957 1150
1741818745344 0.0014211032695436601 1151
1741818745839 0.0014185827587132193 1152
1741818746331 0.0014160626482024859 1153
1741818746829 0.0014135429456881544 1154
1741818747333 0.0014110236588456755 1155
1741818747836 0.0014085047953492336 1156
1741818748341 0.0014059863628717237 1157
1741818748853 0.0014034683690847282 1158
1741818749386 0.0014009508216584923 1159
1741818749448 0.001398433728261903 1160
1741818749946 0.001395917096562462 1161
1741818750445 0.0013934009342262672 1162
1741818750949 0.0013908852489179849 1163
1741818751454 0.001388370048300828 1164
1741818751959 0.0013858553400365355 1165
1741818752477 0.0013833411317853439 1166
1741818753005 0.0013808274312059675 1167
1741818753523 0.0013783142459555737 1168
1741818754030 0.001375801583689762 1169
1741818754544 0.0013732894520625365 1170
1741818755059 0.0013707778587262857 1171
1741818755572 0.001368266811331759 1172
1741818756096 0.001365756317528042 1173
1741818756603 0.0013632463849625343 1174
1741818757105 0.0013607370212809255 1175
1741818757594 0.0013582282341271727 1176
1741818758096 0.0013557200311434768 1177
1741818758588 0.0013532124199702588 1178
1741818759084 0.0013507054082461374 1179
1741818759583 0.0013481990036079052 1180
1741818760080 0.0013456932136905056 1181
1741818760568 0.0013431880461270082 1182
1741818761070 0.001340683508548589 1183
1741818761561 0.0013381796085845034 1184
1741818762053 0.001335676353862065 1185
1741818762538 0.0013331737520066215 1186
1741818762622 0.0013306718106415323 1187
1741818763111 0.001328170537388145 1188
1741818763599 0.0013256699398657718 1189
1741818764095 0.0013231700256916654 1190
1741818764586 0.0013206708024809989 1191
1741818765073 0.0013181722778468398 1192
1741818765565 0.0013156744594001264 1193
1741818766060 0.0013131773547496479 1194
1741818766550 0.0013106809715020178 1195
1741818767037 0.001308185317261652 1196
1741818767537 0.0013056903996307462 1197
1741818768025 0.0013031962262092529 1198
1741818768518 0.0013007028045948564 1199
1741818774816 0.0012982101423829515 1200
1741818775334 0.0012957182471666187 1201
1741818775827 0.0012932271265366044 1202
1741818776327 0.0012907367880812934 1203
1741818776813 0.0012882472393866884 1204
1741818777320 0.0012857584880363862 1205
1741818777810 0.001283270541611556 1206
1741818778304 0.0012807834076909133 1207
1741818778789 0.0012782970938506994 1208
1741818779268 0.001275811607664658 1209
1741818779744 0.00127332695670401 1210
1741818780231 0.0012708431485374345 1211
1741818780707 0.0012683601907310406 1212
1741818781204 0.0012658780908483497 1213
1741818781265 0.0012633968564502674 1214
1741818781743 0.001260916495095064 1215
1741818782227 0.0012584370143383513 1216
1741818782715 0.001255958421733057 1217
1741818783217 0.0012534807248294046 1218
1741818783715 0.001251003931174887 1219
1741818784223 0.001248528048314249 1220
1741818784715 0.0012460530837894587 1221
1741818785217 0.001243579045139687 1222
1741818785715 0.0012411059399012841 1223
1741818786220 0.0012386337756077584 1224
1741818786715 0.001236162559789751 1225
1741818787226 0.0012336922999750136 1226
1741818787755 0.0012312230036883858 1227
1741818788260 0.001228754678451773 1228
1741818788752 0.0012262873317841207 1229
1741818789251 0.0012238209712013958 1230
1741818789747 0.0012213556042165604 1231
1741818790263 0.0012188912383395496 1232
1741818790758 0.0012164278810772493 1233
1741818791243 0.0012139655399334719 1234
1741818791725 0.0012115042224089374 1235
1741818792214 0.001209043936001245 1236
1741818792697 0.0012065846882048533 1237
1741818793181 0.0012041264865110578 1238
1741818793665 0.0012016693384079677 1239
1741818794167 0.0011992132513804822 1240
1741818794249 0.0011967582329102675 1241
1741818794736 0.0011943042904757363 1242
1741818795216 0.0011918514315520231 1243
1741818795693 0.001189399663610961 1244
1741818796180 0.0011869489941210602 1245
1741818796669 0.0011844994305474856 1246
1741818797143 0.001182050980352032 1247
1741818797617 0.0011796036509931038 1248
1741818798096 0.0011771574499256907 1249
1741818798577 0.0011747123846013452 1250
1741818799051 0.0011722684624681605 1251
1741818799525 0.001169825690970746 1252
1741818800010 0.0011673840775502096 1253
1741818800484 0.0011649436296441275 1254
1741818800958 0.001162504354686528 1255
1741818801451 0.0011600662601078647 1256
1741818801929 0.0011576293533349978 1257
1741818802418 0.0011551936417911674 1258
1741818802896 0.001152759132895973 1259
1741818803383 0.0011503258340653515 1260
1741818803865 0.0011478937527115522 1261
1741818804358 0.0011454628962431178 1262
1741818804836 0.001143033272064858 1263
1741818805326 0.0011406048875778293 1264
1741818805806 0.0011381777501793125 1265
1741818806283 0.0011357518672627887 1266
1741818806771 0.0011333272462179177 1267
1741818806832 0.0011309038944305164 1268
1741818807316 0.0011284818192825341 1269
1741818807807 0.0011260610281520317 1270
1741818808311 0.0011236415284131592 1271
1741818808791 0.0011212233274361326 1272
1741818809270 0.0011188064325872108 1273
1741818809746 0.0011163908512286747 1274
1741818810225 0.0011139765907188042 1275
1741818810714 0.0011115636584118557 1276
1741818811214 0.0011091520616580395 1277
1741818811701 0.0011067418078034971 1278
1741818812194 0.0011043329041902801 1279
1741818812671 0.0011019253581563266 1280
1741818813152 0.001099519177035439 1281
1741818813644 0.001097114368157263 1282
1741818814120 0.0010947109388472632 1283
1741818814598 0.0010923088964267021 1284
1741818815078 0.0010899082482126164 1285
1741818815556 0.0010875090015177986 1286
1741818816035 0.00108511116365077 1287
1741818816519 0.0010827147419157593 1288
1741818817007 0.0010803197436126835 1289
1741818817505 0.001077926176037123 1290
1741818817987 0.0010755340464802998 1291
1741818818470 0.0010731433622290544 1292
1741818818947 0.0010707541305658267 1293
1741818819433 0.0010683663587686303 1294
1741818819517 0.0010659800541110323 1295
1741818819996 0.0010635952238621305 1296
1741818820475 0.0010612118752865312 1297
1741818820955 0.0010588300156443276 1298
1741818821441 0.0010564496521910773 1299
1741818827344 0.0010540707921777805 1300
1741818827827 0.001051693442850857 1301
1741818828317 0.0010493176114521252 1302
1741818828807 0.001046943305218779 1303
1741818829301 0.001044570531383368 1304
1741818829792 0.0010421992971737725 1305
1741818830281 0.0010398296098131827 1306
1741818830767 0.001037461476520077 1307
1741818831264 0.0010350949045082013 1308
1741818831755 0.0010327299009865436 1309
1741818832255 0.0010303664731593147 1310
1741818832743 0.001028004628225926 1311
1741818833241 0.0010256443733809662 1312
1741818833722 0.0010232857158141817 1313
1741818834222 0.0010209286627104516 1314
1741818834715 0.0010185732212497692 1315
1741818835207 0.0010162193986072174 1316
1741818835684 0.0010138672019529477 1317
1741818836172 0.0010115166384521597 1318
1741818836662 0.0010091677152650773 1319
1741818837140 0.0010068204395469278 1320
1741818837622 0.0010044748184479197 1321
1741818837683 0.0010021308591132226 1322
1741818838179 0.0009997885686829427 1323
1741818838659 0.000997447954292103 1324
1741818839151 0.00099510902307062 1325
1741818839655 0.0009927717821432845 1326
1741818840153 0.000990436238629738 1327
1741818840650 0.000988102399644451 1328
1741818841153 0.0009857702722967012 1329
1741818841653 0.0009834398636905533 1330
1741818842166 0.000981111180924836 1331
1741818842659 0.0009787842310931209 1332
1741818843162 0.0009764590212837011 1333
1741818843655 0.0009741355585795683 1334
1741818844144 0.0009718138500583934 1335
1741818844644 0.0009694939027925023 1336
1741818845136 0.000967175723848858 1337
1741818845629 0.0009648593202890348 1338
1741818846120 0.0009625446991691999 1339
1741818846612 0.0009602318675400898 1340
1741818847103 0.000957920832446992 1341
1741818847596 0.0009556116009297197 1342
1741818848095 0.0009533041800225924 1343
1741818848597 0.0009509985767544144 1344
1741818849095 0.0009486947981484534 1345
1741818849603 0.0009463928512224186 1346
1741818850109 0.0009440927429884385 1347
1741818850615 0.0009417944804530433 1348
1741818850704 0.0009394980706171382 1349
1741818851204 0.0009372035204759862 1350
1741818851710 0.0009349108370191841 1351
1741818852210 0.0009326200272306447 1352
1741818852726 0.0009303310980885712 1353
1741818853235 0.0009280440565654388 1354
1741818853743 0.0009257589096279725 1355
1741818854266 0.0009234756642371256 1356
1741818854769 0.0009211943273480608 1357
1741818855277 0.0009189149059101254 1358
1741818855780 0.0009166374068668322 1359
1741818856283 0.0009143618371558382 1360
1741818856785 0.0009120882037089231 1361
1741818857287 0.0009098165134519697 1362
1741818857816 0.0009075467733049398 1363
1741818858325 0.0009052789901818556 1364
1741818858831 0.0009030131709907773 1365
1741818859339 0.0009007493226337842 1366
1741818859841 0.0008984874520069503 1367
1741818860334 0.0008962275660003258 1368
1741818860825 0.0008939696714979151 1369
1741818861326 0.0008917137753776573 1370
1741818861829 0.0008894598845114028 1371
1741818862323 0.000887208005764894 1372
1741818862815 0.0008849581459977433 1373
1741818863316 0.0008827103120634153 1374
1741818863807 0.0008804645108092012 1375
1741818863869 0.0008782207490762005 1376
1741818864363 0.0008759790336993016 1377
1741818864856 0.000873739371507158 1378
1741818865359 0.0008715017693221689 1379
1741818865855 0.0008692662339604582 1380
1741818866350 0.0008670327722318555 1381
1741818866846 0.000864801390939872 1382
1741818867343 0.0008625720968816817 1383
1741818867832 0.0008603448968481009 1384
1741818868352 0.0008581197976235678 1385
1741818868851 0.0008558968059861203 1386
1741818869347 0.0008536759287073764 1387
1741818869839 0.0008514571725525134 1388
1741818870336 0.0008492405442802467 1389
1741818870845 0.0008470260506428114 1390
1741818871346 0.000844813698385939 1391
1741818871843 0.000842603494248838 1392
1741818872336 0.0008403954449641729 1393
1741818872829 0.000838189557258046 1394
1741818873357 0.0008359858378499729 1395
1741818873863 0.0008337842934528655 1396
1741818874383 0.0008315849307730097 1397
1741818874895 0.0008293877565100449 1398
1741818875407 0.0008271927773569463 1399
1741818881590 0.0008250000000000004 1400
1741818882096 0.0008228094311187873 1401
1741818882584 0.0008206210773861592 1402
1741818882672 0.0008184349454682223 1403
1741818883191 0.0008162510420243128 1404
1741818883674 0.0008140693737069795 1405
1741818884154 0.0008118899471619617 1406
1741818884641 0.0008097127690281718 1407
1741818885134 0.0008075378459376716 1408
1741818885642 0.0008053651845156532 1409
1741818886137 0.0008031947913804214 1410
1741818886617 0.0008010266731433694 1411
1741818887123 0.0007988608364089615 1412
1741818887591 0.0007966972877747114 1413
1741818888078 0.0007945360338311644 1414
1741818888575 0.0007923770811618743 1415
1741818889091 0.0007902204363433856 1416
1741818889589 0.0007880661059452116 1417
1741818890109 0.0007859140965298176 1418
1741818890597 0.0007837644146525969 1419
1741818891093 0.0007816170668618532 1420
1741818891600 0.0007794720596987798 1421
1741818892096 0.0007773293996974415 1422
1741818892631 0.0007751890933847519 1423
1741818893138 0.0007730511472804553 1424
1741818893649 0.0007709155678971059 1425
1741818894153 0.0007687823617400485 1426
1741818894672 0.0007666515353074003 1427
1741818895185 0.0007645230950900275 1428
1741818895681 0.0007623970475715279 1429
1741818895743 0.0007602733992282113 1430
1741818896248 0.0007581521565290781 1431
1741818896738 0.0007560333259358024 1432
1741818897229 0.0007539169139027094 1433
1741818897718 0.000751802926876757 1434
1741818898223 0.0007496913712975158 1435
1741818898725 0.0007475822535971513 1436
1741818899221 0.0007454755802004014 1437
1741818899725 0.0007433713575245581 1438
1741818900230 0.0007412695919794494 1439
1741818900729 0.0007391702899674174 1440
1741818901241 0.0007370734578832999 1441
1741818901725 0.0007349791021144105 1442
1741818902214 0.0007328872290405216 1443
1741818902709 0.0007307978450338401 1444
1741818903212 0.0007287109564589928 1445
1741818903710 0.0007266265696730032 1446
1741818904203 0.000724544691025276 1447
1741818904686 0.0007224653268575743 1448
1741818905178 0.0007203884835040014 1449
1741818905650 0.0007183141672909832 1450
1741818906147 0.0007162423845372462 1451
1741818906641 0.0007141731415538 1452
1741818907124 0.0007121064446439171 1453
1741818907612 0.0007100423001031156 1454
1741818908095 0.0007079807142191374 1455
1741818908576 0.0007059216932719306 1456
1741818908660 0.0007038652435336299 1457
1741818909138 0.0007018113712685376 1458
1741818909614 0.0006997600827331055 1459
1741818910096 0.0006977113841759142 1460
1741818910587 0.0006956652818376544 1461
1741818911095 0.0006936217819511086 1462
1741818911586 0.0006915808907411317 1463
1741818912065 0.0006895426144246332 1464
1741818912545 0.0006875069592105554 1465
1741818913016 0.0006854739312998575 1466
1741818913491 0.0006834435368854949 1467
1741818913969 0.0006814157821524008 1468
1741818914448 0.0006793906732774684 1469
1741818914928 0.0006773682164295305 1470
1741818915418 0.0006753484177693405 1471
1741818915898 0.0006733312834495566 1472
1741818916384 0.0006713168196147193 1473
1741818916865 0.0006693050324012347 1474
1741818917348 0.0006672959279373551 1475
1741818917822 0.000665289512343162 1476
1741818918312 0.0006632857917305451 1477
1741818918790 0.0006612847722031845 1478
1741818919272 0.0006592864598565323 1479
1741818919752 0.0006572908607777955 1480
1741818920249 0.0006552979810459148 1481
1741818920731 0.0006533078267315463 1482
1741818921224 0.0006513204038970468 1483
1741818921285 0.0006493357185964502 1484
1741818921772 0.0006473537768754519 1485
1741818922277 0.0006453745847713899 1486
1741818922765 0.0006433981483132276 1487
1741818923273 0.0006414244735215323 1488
1741818923765 0.0006394535664084603 1489
1741818924254 0.000637485432977736 1490
1741818924740 0.000635520079224635 1491
1741818925229 0.0006335575111359662 1492
1741818925719 0.0006315977346900525 1493
1741818926205 0.0006296407558567123 1494
1741818926697 0.0006276865805972427 1495
1741818927181 0.0006257352148643999 1496
1741818927670 0.0006237866646023835 1497
1741818928148 0.0006218409357468149 1498
1741818928639 0.0006198980342247216 1499
1741818934548 0.000617957965954518 1500
1741818935031 0.0006160207368459897 1501
1741818935511 0.000614086352800272 1502
1741818935992 0.000612154819709834 1503
1741818936477 0.0006102261434584608 1504
1741818936973 0.000608300329921234 1505
1741818937476 0.000606377384964516 1506
1741818937956 0.0006044573144459317 1507
1741818938451 0.0006025401242143472 1508
1741818938933 0.000600625820109858 1509
1741818939419 0.0005987144079637647 1510
1741818939504 0.000596805893598561 1511
1741818939984 0.0005949002828279137 1512
1741818940461 0.0005929975814566418 1513
1741818940944 0.0005910977952807046 1514
1741818941435 0.000589200930087181 1515
1741818941920 0.0005873069916542497 1516
1741818942419 0.0005854159857511769 1517
1741818942906 0.000583527918138294 1518
1741818943400 0.0005816427945669821 1519
1741818943882 0.0005797606207796561 1520
1741818944379 0.0005778814025097414 1521
1741818944858 0.0005760051454816645 1522
1741818945340 0.000574131855410829 1523
1741818945822 0.0005722615380036011 1524
1741818946313 0.0005703941989572927 1525
1741818946791 0.0005685298439601421 1526
1741818947269 0.000566668478691298 1527
1741818947750 0.000564810108820801 1528
1741818948256 0.0005629547400095692 1529
1741818948739 0.0005611023779093775 1530
1741818949235 0.0005592530281628415 1531
1741818949713 0.0005574066964034018 1532
1741818950198 0.0005555633882553044 1533
1741818950678 0.0005537231093335869 1534
1741818951161 0.0005518858652440571 1535
1741818951656 0.0005500516615832788 1536
1741818952150 0.000548220503938556 1537
1741818952211 0.0005463923978879104 1538
1741818952693 0.0005445673490000711 1539
1741818953181 0.0005427453628344544 1540
1741818953683 0.0005409264449411443 1541
1741818954194 0.0005391106008608816 1542
1741818954707 0.0005372978361250418 1543
1741818955216 0.00053548815625562 1544
1741818955706 0.0005336815667652167 1545
1741818956203 0.0005318780731570146 1546
1741818956702 0.0005300776809247692 1547
1741818957194 0.000528280395552788 1548
1741818957696 0.0005264862225159125 1549
1741818958198 0.0005246951672795063 1550
1741818958703 0.0005229072352994334 1551
1741818959203 0.0005211224320220446 1552
1741818959697 0.0005193407628841614 1553
1741818960196 0.0005175622333130552 1554
1741818960694 0.0005157868487264364 1555
1741818961197 0.0005140146145324355 1556
1741818961699 0.000512245536129583 1557
1741818962199 0.0005104796189068 1558
1741818962699 0.0005087168682433764 1559
1741818963199 0.0005069572895089558 1560
1741818963695 0.0005052008880635209 1561
1741818964198 0.000503447669257375 1562
1741818964699 0.0005016976384311263 1563
1741818965200 0.0004999508009156725 1564
1741818965286 0.000498207162032183 1565
1741818965780 0.0004964667270920851 1566
1741818966278 0.0004947295013970449 1567
1741818966775 0.0004929954902389536 1568
1741818967273 0.0004912646988999091 1569
1741818967767 0.0004895371326522029 1570
1741818968265 0.00048781279675830095 1571
1741818968770 0.00048609169647082916 1572
1741818969258 0.00048437383703255857 1573
1741818969739 0.0004826592236763853 1574
1741818970225 0.00048094786162532026 1575
1741818970707 0.0004792397560924688 1576
1741818971201 0.0004775349122810158 1577
1741818971682 0.00047583333538421286 1578
1741818972177 0.0004741350305853564 1579
1741818972663 0.00047244000305777823 1580
1741818973146 0.000470748257964827 1581
1741818973632 0.0004690598004598499 1582
1741818974117 0.00046737463568618224 1583
1741818974599 0.000465692768777129 1584
1741818975084 0.00046401420485594683 1585
1741818975566 0.0004623389490358341 1586
1741818976050 0.000460667006419909 1587
1741818976534 0.0004589983821011995 1588
1741818977028 0.0004573330811626253 1589
1741818977535 0.0004556711086769806 1590
1741818978033 0.0004540124697069227 1591
1741818978094 0.0004523571693049534 1592
1741818978596 0.00045070521251340426 1593
1741818979095 0.00044905660436442285 1594
1741818979604 0.0004474113498799552 1595
1741818980107 0.000445769454071732 1596
1741818980613 0.0004441309219412523 1597
1741818981121 0.0004424957584797688 1598
1741818981627 0.000440863968668274 1599
1741818987943 0.00043923555747748204 1600
1741818988447 0.00043761052986781586 1601
1741818988949 0.00043598889078939114 1602
1741818989451 0.00043437064518200234 1603
1741818989957 0.00043275579797510575 1604
1741818990457 0.00043114435408780585 1605
1741818990957 0.00042953631842884146 1606
1741818991448 0.0004279316958965661 1607
1741818991927 0.0004263304913789397 1608
1741818992412 0.00042473270975350855 1609
1741818992893 0.0004231383558873922 1610
1741818993379 0.0004215474346372701 1611
1741818993883 0.0004199599508493627 1612
1741818994398 0.0004183759093594218 1613
1741818994909 0.0004167953149927132 1614
1741818995413 0.00041521817256399984 1615
1741818995918 0.00041364448687753206 1616
1741818996429 0.00041207426272703 1617
1741818996945 0.00041050750489566716 1618
1741818997041 0.000408944218156061 1619
1741818997555 0.0004073844072702533 1620
1741818998062 0.0004058280769896985 1621
1741818998579 0.00040427523205524926 1622
1741818999095 0.00040272587719713946 1623
1741818999610 0.0004011800171349737 1624
1741819000120 0.0003996376565777092 1625
1741819000622 0.0003980988002236436 1626
1741819001128 0.00039656345276040095 1627
1741819001627 0.00039503161886491543 1628
1741819002126 0.00039350330320341893 1629
1741819002637 0.00039197851043142523 1630
1741819003173 0.00039045724519371866 1631
1741819003689 0.00038893951212433663 1632
1741819004205 0.00038742531584655686 1633
1741819004726 0.00038591466097288423 1634
1741819005244 0.00038440755210503494 1635
1741819005747 0.00038290399383392464 1636
1741819006236 0.0003814039907396523 1637
1741819006717 0.0003799075473914871 1638
1741819007198 0.0003784146683478561 1639
1741819007680 0.0003769253581563264 1640
1741819008170 0.00037543962135359556 1641
1741819008692 0.0003739574624654767 1642
1741819009177 0.0003724788860068809 1643
1741819009653 0.0003710038964818104 1644
1741819010133 0.0003695324983833373 1645
1741819010193 0.00036806469619359624 1646
1741819010674 0.00036660049438376805 1647
1741819011153 0.0003651398974140637 1648
1741819011628 0.00036368290973371576 1649
1741819012114 0.00036222953578096223 1650
1741819012587 0.0003607797799830304 1651
1741819013083 0.00035933364675612916 1652
1741819013562 0.00035789114050543085 1653
1741819014041 0.0003564522656250592 1654
1741819014519 0.00035501702649807756 1655
1741819015001 0.0003535854274964722 1656
1741819015491 0.00035215747298114256 1657
1741819015984 0.0003507331673018855 1658
1741819016470 0.0003493125147973831 1659
1741819016970 0.00034789551979518967 1660
1741819017487 0.0003464821866117173 1661
1741819018004 0.0003450725195522239 1662
1741819018515 0.0003436665229108003 1663
1741819019020 0.00034226420097035586 1664
1741819019539 0.0003408655580026063 1665
1741819020044 0.0003394705982680607 1666
1741819020552 0.0003380793260160081 1667
1741819021056 0.0003366917454845057 1668
1741819021565 0.0003353078609003639 1669
1741819022102 0.0003339276764791353 1670
1741819022608 0.00033255119642510073 1671
1741819023117 0.0003311784249312579 1672
1741819023206 0.00032980936617930625 1673
1741819023715 0.0003284440243396359 1674
1741819024232 0.00032708240357131604 1675
1741819024732 0.0003257245080220782 1676
1741819025245 0.00032437034182830865 1677
1741819025751 0.00032301990911503235 1678
1741819026271 0.00032167321399590115 1679
1741819026777 0.00032033026057318273 1680
1741819027286 0.0003189910529377449 1681
1741819027793 0.0003176555951690471 1682
1741819028301 0.000316323891335126 1683
1741819028813 0.0003149959454925809 1684
1741819029328 0.00031367176168656605 1685
1741819029829 0.00031235134395077535 1686
1741819030343 0.00031103469630742927 1687
1741819030847 0.0003097218227672658 1688
1741819031348 0.0003084127273295241 1689
1741819031855 0.000307107413981937 1690
1741819032367 0.0003058058867007157 1691
1741819032871 0.0003045081494505366 1692
1741819033380 0.0003032142061845336 1693
1741819033884 0.0003019240608442819 1694
1741819034385 0.0003006377173597876 1695
1741819034890 0.0002993551796494767 1696
1741819035404 0.0002980764516201811 1697
1741819035917 0.0002968015371671283 1698
1741819036427 0.0002955304401739288 1699
1741819042278 0.0002942631645125639 1700
1741819042790 0.000292999714043376 1701
1741819043292 0.000291740092615054 1702
1741819043792 0.00029048430406462296 1703
1741819044295 0.00028923235221743246 1704
1741819044799 0.00028798424088714544 1705
1741819045307 0.00028673997387572544 1706
1741819045809 0.00028549955497342495 1707
1741819046309 0.00028426298795877623 1708
1741819046818 0.00028303027659857546 1709
1741819047326 0.0002818014246478762 1710
1741819047822 0.00028057643584997427 1711
1741819048320 0.00027935531393639783 1712
1741819048806 0.00027813806262689666 1713
1741819049298 0.00027692468562942824 1714
1741819049798 0.00027571518664015006 1715
1741819050293 0.00027450956934340633 1716
1741819050784 0.0002733078374117151 1717
1741819051280 0.00027210999450576103 1718
1741819051768 0.0002709160442743819 1719
1741819052258 0.00026972599035455586 1720
1741819052748 0.0002685398363713948 1721
1741819053242 0.0002673575859381283 1722
1741819053735 0.0002661792426560969 1723
1741819054226 0.00026500481011473896 1724
1741819054717 0.0002638342918915785 1725
1741819055224 0.0002626676915522182 1726
1741819055307 0.00026150501265032435 1727
1741819055784 0.0002603462587276186 1728
1741819056268 0.0002591914333138666 1729
1741819056749 0.00025804053992686674 1730
1741819057259 0.0002568935820724398 1731
1741819057739 0.00025575056324441824 1732
1741819058224 0.0002546114869246355 1733
1741819058701 0.0002534763565829162 1734
1741819059191 0.0002523451756770638 1735
1741819059672 0.0002512179476528516 1736
1741819060160 0.00025009467594401123 1737
1741819060638 0.00024897536397222385 1738
1741819061137 0.0002478600151471075 1739
1741819061629 0.0002467486328662078 1740
1741819062112 0.00024564122051498876 1741
1741819062589 0.0002445377814668194 1742
1741819063065 0.00024343831908296725 1743
1741819063544 0.00024234283671258517 1744
1741819064028 0.0002412513376927021 1745
1741819064507 0.00024016382534821414 1746
1741819065000 0.00023908030299187152 1747
1741819065483 0.0002380007739242716 1748
1741819065973 0.00023692524143384788 1749
1741819066472 0.00023585370879685759 1750
1741819066977 0.00023478617927737562 1751
1741819067475 0.00023372265612728256 1752
1741819067972 0.00023266314258625333 1753
1741819068034 0.00023160764188175098 1754
1741819068534 0.0002305561572290125 1755
1741819069041 0.00022950869183104315 1756
1741819069521 0.00022846524887860464 1757
1741819070003 0.00022742583155020425 1758
1741819070488 0.0002263904430120881 1759
1741819070971 0.00022535908641822892 1760
1741819071459 0.00022433176491031752 1761
1741819071940 0.0002233084816177541 1762
1741819072445 0.00022228923965763654 1763
1741819072944 0.00022127404213475254 1764
1741819073426 0.0002202628921415703 1765
1741819073907 0.00021925579275822735 1766
1741819074400 0.00021825274705252373 1767
1741819074877 0.00021725375807991014 1768
1741819075367 0.0002162588288834804 1769
1741819075862 0.00021526796249396148 1770
1741819076341 0.00021428116192970435 1771
1741819076823 0.00021329843019667443 1772
1741819077308 0.00021231977028844277 1773
1741819077790 0.0002113451851861777 1774
1741819078293 0.00021037467785863423 1775
1741819078817 0.00020940825126214614 1776
1741819079340 0.00020844590834061608 1777
1741819079858 0.00020748765202550766 1778
1741819080342 0.000206533485235836 1779
1741819080824 0.00020558341087815841 1780
1741819080910 0.00020463743184656602 1781
1741819081411 0.00020369555102267556 1782
1741819081903 0.0002027577712756186 1783
1741819082391 0.00020182409546203538 1784
1741819082874 0.00020089452642606454 1785
1741819083361 0.00019996906699933401 1786
1741819083851 0.00019904772000095428 1787
1741819084333 0.00019813048823750736 1788
1741819084819 0.00019721737450304074 1789
1741819085316 0.00019630838157905765 1790
1741819085807 0.00019540351223450725 1791
1741819086303 0.00019450276922577893 1792
1741819086791 0.00019360615529669247 1793
1741819087286 0.00019271367317848877 1794
1741819087791 0.00019182532558982354 1795
1741819088276 0.0001909411152367574 1796
1741819088759 0.00019006104481274834 1797
1741819089245 0.0001891851169986441 1798
1741819089732 0.00018831333446267182 1799
1741819095834 0.00018744569986043296 1800
1741819096331 0.00018658221583489268 1801
1741819096828 0.0001857228850163731 1802
1741819097322 0.00018486771002254495 1803
1741819097800 0.00018401669345841982 1804
1741819098285 0.00018316983791634146 1805
1741819098769 0.00018232714597597862 1806
1741819099262 0.00018148862020431737 1807
1741819099323 0.00018065426315565258 1808
1741819099799 0.00017982407737158042 1809
1741819100288 0.00017899806538099075 1810
1741819100769 0.00017817622970005932 1811
1741819101264 0.0001773585728322404 1812
1741819101756 0.00017654509726825835 1813
1741819102264 0.0001757358054861006 1814
1741819102746 0.00017493069995101117 1815
1741819103231 0.00017412978311548004 1816
1741819103714 0.00017333305741923938 1817
1741819104208 0.0001725405252892541 1818
1741819104695 0.00017175218913971366 1819
1741819105183 0.00017096805137202756 1820
1741819105668 0.00017018811437481468 1821
1741819106157 0.00016941238052389887 1822
1741819106638 0.00016864085218230005 1823
1741819107121 0.00016787353170022698 1824
1741819107604 0.0001671104214150708 1825
1741819108101 0.00016635152365139863 1826
1741819108584 0.00016559684072094369 1827
1741819109081 0.00016484637492260177 1828
1741819109576 0.00016410012854242134 1829
1741819110058 0.00016335810385359847 1830
1741819110542 0.0001626203031164694 1831
1741819111026 0.00016188672857850252 1832
1741819111513 0.00016115738247429357 1833
1741819111998 0.00016043226702555695 1834
1741819112083 0.0001597113844411201 1835
1741819112563 0.00015899473691691662 1836
1741819113052 0.0001582823266359791 1837
1741819113537 0.00015757415576843272 1838
1741819114030 0.00015687022647148843 1839
1741819114521 0.0001561705408894376 1840
1741819115009 0.0001554751011536436 1841
1741819115496 0.00015478390938253637 1842
1741819115980 0.0001540969676816059 1843
1741819116465 0.00015341427814339576 1844
1741819116950 0.00015273584284749675 1845
1741819117439 0.0001520616638605405 1846
1741819117933 0.0001513917432361928 1847
1741819118419 0.0001507260830151486 1848
1741819118902 0.0001500646852251238 1849
1741819119395 0.00014940755188085097 1850
1741819119893 0.00014875468498407252 1851
1741819120402 0.0001481060865235339 1852
1741819120887 0.00014746175847497875 1853
1741819121377 0.00014682170280114185 1854
1741819121859 0.00014618592145174378 1855
1741819122349 0.0001455544163634851 1856
1741819122836 0.00014492718946003928 1857
1741819123334 0.00014430424265204848 1858
1741819123819 0.00014368557783711722 1859
1741819124315 0.00014307119689980512 1860
1741819124814 0.00014246110171162337 1861
1741819124875 0.00014185529413102786 1862
1741819125373 0.0001412537760034131 1863
1741819125884 0.00014065654916110788 1864
1741819126386 0.000140063615423369 1865
1741819126890 0.00013947497659637495 1866
1741819127381 0.0001388906344732222 1867
1741819127876 0.0001383105908339176 1868
1741819128375 0.00013773484744537525 1869
1741819128883 0.00013716340606140907 1870
1741819129396 0.00013659626842272847 1871
1741819129888 0.00013603343625693328 1872
1741819130382 0.00013547491127850796 1873
1741819130877 0.0001349206951888164 1874
1741819131374 0.00013437078967609662 1875
1741819131872 0.00013382519641545653 1876
1741819132360 0.00013328391706886775 1877
1741819132843 0.00013274695328516098 1878
1741819133327 0.00013221430670002114 1879
1741819133810 0.00013168597893598177 1880
1741819134303 0.0001311619716024213 1881
1741819134803 0.00013064228629555675 1882
1741819135299 0.0001301269245984395 1883
1741819135793 0.00012961588808095128 1884
1741819136280 0.0001291091782997971 1885
1741819136763 0.0001286067967985033 1886
1741819137255 0.00012810874510741114 1887
1741819137762 0.00012761502474367228 1888
1741819137848 0.00012712563721124472 1889
1741819138343 0.00012664058400088725 1890
1741819138826 0.00012615986659015674 1891
1741819139313 0.00012568348644340153 1892
1741819139796 0.00012521144501175793 1893
1741819140283 0.00012474374373314633 1894
1741819140766 0.00012428038403226597 1895
1741819141252 0.00012382136732059043 1896
1741819141750 0.00012336669499636463 1897
1741819142242 0.00012291636844459928 1898
1741819142723 0.0001224703890370668 1899
1741819148671 0.00012202875813229837 1900
1741819149150 0.0001215914770755779 1901
1741819149627 0.00012115854719893938 1902
1741819150110 0.00012072996982116239 1903
1741819150590 0.00012030574624776778 1904
1741819151073 0.00011988587777101442 1905
1741819151551 0.00011947036566989442 1906
1741819152030 0.00011905921121012949 1907
1741819152511 0.00011865241564416754 1908
1741819152989 0.00011824998021117849 1909
1741819153475 0.0001178519061370504 1910
1741819153967 0.00011745819463438581 1911
1741819154454 0.00011706884690249847 1912
1741819154936 0.00011668386412740885 1913
1741819155426 0.00011630324748184158 1914
1741819155919 0.0001159269981252206 1915
1741819155980 0.00011555511720366692 1916
1741819156459 0.0001151876058499944 1917
1741819156944 0.00011482446518370596 1918
1741819157430 0.00011446569631099142 1919
1741819157913 0.00011411130032472314 1920
1741819158403 0.00011376127830445225 1921
1741819158882 0.00011341563131640695 1922
1741819159375 0.0001130743604134874 1923
1741819159853 0.0001127374666352644 1924
1741819160344 0.00011240495100797496 1925
1741819160827 0.00011207681454451894 1926
1741819161324 0.00011175305824445697 1927
1741819161807 0.00011143368309400725 1928
1741819162301 0.00011111869006604142 1929
1741819162791 0.00011080808012008313 1930
1741819163278 0.00011050185420230397 1931
1741819163770 0.00011020001324552144 1932
1741819164266 0.00010990255816919532 1933
1741819164775 0.00010960948987942515 1934
1741819165289 0.00010932080926894819 1935
1741819165795 0.00010903651721713527 1936
1741819166297 0.00010875661458998943 1937
1741819166787 0.00010848110224014268 1938
1741819167278 0.00010820998100685327 1939
1741819167772 0.00010794325171600373 1940
1741819168274 0.00010768091518009737 1941
1741819168760 0.00010742297219825711 1942
1741819168843 0.00010716942355622196 1943
1741819169331 0.00010692027002634479 1944
1741819169813 0.00010667551236759082 1945
1741819170296 0.000106435151325534 1946
1741819170786 0.00010619918763235597 1947
1741819171277 0.00010596762200684302 1948
1741819171766 0.00010574045515438418 1949
1741819172266 0.00010551768776696896 1950
1741819172754 0.00010529932052318573 1951
1741819173251 0.00010508535408821867 1952
1741819173744 0.00010487578911384694 1953
1741819174237 0.00010467062623844166 1954
1741819174720 0.00010446986608696445 1955
1741819175228 0.00010427350927096565 1956
1741819175736 0.0001040815563885822 1957
1741819176248 0.00010389400802453577 1958
1741819176753 0.00010371086475013126 1959
1741819177265 0.00010353212712325475 1960
1741819177770 0.00010335779568837233 1961
1741819178281 0.00010318787097652755 1962
1741819178787 0.00010302235350534044 1963
1741819179304 0.00010286124377900625 1964
1741819179835 0.00010270454228829281 1965
1741819180349 0.00010255224951054046 1966
1741819180847 0.00010240436590965894 1967
1741819181354 0.00010226089193612752 1968
1741819181862 0.00010212182802699298 1969
1741819181924 0.00010198717460586794 1970
1741819182430 0.00010185693208293011 1971
1741819182933 0.00010173110085492075 1972
1741819183457 0.00010160968130514348 1973
1741819183967 0.00010149267380346362 1974
1741819184475 0.0001013800787063062 1975
1741819184984 0.00010127189635665535 1976
1741819185503 0.00010116812708405335 1977
1741819186014 0.00010106877120459934 1978
1741819186514 0.00010097382902094847 1979
1741819187020 0.00010088330082231116 1980
1741819187520 0.00010079718688445223 1981
1741819188014 0.00010071548746968918 1982
1741819188511 0.00010063820282689317 1983
1741819189006 0.0001005653331914862 1984
1741819189514 0.00010049687878544198 1985
1741819190018 0.00010043283981728448 1986
1741819190526 0.00010037321648208745 1987
1741819191048 0.00010031800896147403 1988
1741819191666 0.00010026721742361589 1989
1741819192248 0.00010022084202323266 1990
1741819192807 0.00010017888290159216 1991
1741819193392 0.00010014134018650886 1992
1741819193950 0.00010010821399234463 1993
1741819194510 0.00010007950442000739 1994
1741819195107 0.00010005521155695161 1995
1741819195676 0.00010003533547717763 1996
1741819195806 0.00010001987624123123 1997
1741819196412 0.00010000883389620393 1998
1741819197027 0.00010000220847573285 1999
