1741818032958 0.16264916956424713 0
1741818033860 0.13418090343475342 1
1741818034874 0.12394421547651291 2
1741818035816 0.10635032504796982 3
1741818036728 0.0840148776769638 4
1741818037725 0.05875281244516373 5
1741818038394 0.04819931089878082 6
1741818039003 0.03743017837405205 7
1741818039614 0.029954012483358383 8
1741818040224 0.025381704792380333 9
1741818040812 0.018115561455488205 10
1741818042004 0.01803123578429222 11
1741818042812 0.012369275093078613 12
1741818043559 0.011225396767258644 13
1741818044283 0.009129492565989494 14
1741818044901 0.00687646958976984 15
1741818045548 0.008176576346158981 16
1741818046256 0.008229341357946396 17
1741818046890 0.0059564244002103806 18
1741818047694 0.007275382988154888 19
1741818048506 0.009746575728058815 20
1741818049333 0.003750017611309886 21
1741818050148 0.01126244105398655 22
1741818050996 0.004343505948781967 23
1741818051797 0.013586551882326603 24
1741818052724 0.018019581213593483 25
1741818052893 0.00016365599003620446 26
1741818053716 0.015573397278785706 27
1741818054539 0.010487478226423264 28
1741818055382 0.00890797283500433 29
1741818056286 0.015801135450601578 30
1741818057104 0.011199896223843098 31
1741818057949 0.027442043647170067 32
1741818058815 0.006467475555837154 33
1741818059663 0.01889997534453869 34
1741818060486 0.005675402469933033 35
1741818061287 0.007950332015752792 36
1741818062195 0.02043142355978489 37
1741818063029 0.004662277176976204 38
1741818063706 0.07254376262426376 39
1741818064336 0.01951371692121029 40
1741818064969 0.020683228969573975 41
1741818065570 0.010465862229466438 42
1741818066163 0.009116288274526596 43
1741818066763 0.004751519300043583 44
1741818067363 0.019288547337055206 45
1741818068016 0.00822375901043415 46
1741818068621 0.010454602539539337 47
1741818069223 0.012642117217183113 48
1741818069836 0.020812910050153732 49
1741818070457 0.027056708931922913 50
1741818071030 0.027432626113295555 51
1741818071625 0.016263127326965332 52
1741818071745 0.4049294888973236 53
1741818072364 0.014307603240013123 54
1741818072998 0.0024336748756468296 55
1741818073643 0.010993882082402706 56
1741818074267 0.008769653737545013 57
1741818074872 0.005853320471942425 58
1741818075487 0.017362676560878754 59
1741818076096 0.008242309093475342 60
1741818076707 0.011642023921012878 61
1741818077319 0.021995116025209427 62
1741818077925 0.00521191256120801 63
1741818078535 0.010121883824467659 64
1741818079161 0.015910636633634567 65
1741818079778 0.020797114819288254 66
1741818080414 0.030258825048804283 67
1741818081037 0.007275809999555349 68
1741818081625 0.012797197327017784 69
1741818082223 0.015315579250454903 70
1741818082836 0.028223717585206032 71
1741818083435 0.011516298167407513 72
1741818084041 0.027217086404561996 73
1741818084646 0.011189484968781471 74
1741818085246 0.07006118446588516 75
1741818085858 0.023535147309303284 76
1741818086434 0.013107415288686752 77
1741818087037 0.009221547283232212 78
1741818087638 0.007336370646953583 79
1741818087723 0.0001632251514820382 80
1741818088341 0.025027867406606674 81
1741818088960 0.008836041204631329 82
1741818089565 0.02577296458184719 83
1741818090157 0.01363302394747734 84
1741818090767 0.021137449890375137 85
1741818091382 0.02294384315609932 86
1741818092000 0.03088957443833351 87
1741818092618 0.027682984247803688 88
1741818093225 0.01703369989991188 89
1741818093858 0.013764971867203712 90
1741818094463 0.03430043160915375 91
1741818095067 0.02148745208978653 92
1741818095670 0.003446933813393116 93
1741818096264 0.01989644020795822 94
1741818096908 0.012190205976366997 95
1741818097547 0.009405290707945824 96
1741818098164 0.11211475729942322 97
1741818098779 0.005703652743250132 98
1741818099363 0.022780392318964005 99
1741818111218 0.012461656704545021 100
1741818112002 0.006484069861471653 101
1741818112892 0.009525307454168797 102
1741818113707 0.010048541240394115 103
1741818114500 0.027506021782755852 104
1741818115334 0.0406319722533226 105
1741818116240 0.0116138756275177 106
1741818116459 0.004790512844920158 107
1741818117296 0.01864337921142578 108
1741818118345 0.018343862146139145 109
1741818119246 0.018965190276503563 110
1741818120108 0.015466064214706421 111
1741818120963 0.055677302181720734 112
1741818121870 0.020623095333576202 113
1741818122641 0.03301025927066803 114
1741818123446 0.008645312860608101 115
1741818124270 0.01755206100642681 116
1741818125100 0.00942287314683199 117
1741818125909 0.02246147394180298 118
1741818126704 0.006466896738857031 119
1741818127499 0.011634954251348972 120
1741818128302 0.03423422574996948 121
1741818129128 0.013682538643479347 122
1741818129950 0.011920856311917305 123
1741818130762 0.004352438263595104 124
1741818131522 0.021817710250616074 125
1741818132343 0.005539348348975182 126
1741818133236 0.0206469539552927 127
1741818134062 0.01958346739411354 128
1741818134819 0.033115699887275696 129
1741818135609 0.00958267878741026 130
1741818136442 0.02375754341483116 131
1741818137199 0.01816953718662262 132
1741818137974 0.012216879054903984 133
1741818138067 0.0005326238460838795 134
1741818138835 0.007929056882858276 135
1741818139630 0.006014661863446236 136
1741818140513 0.02013176865875721 137
1741818141311 0.009960630908608437 138
1741818142098 0.03305874019861221 139
1741818142922 0.026399940252304077 140
1741818143625 0.01269129104912281 141
1741818144217 0.013683144934475422 142
1741818144798 0.019835613667964935 143
1741818145374 0.014597669243812561 144
1741818145952 0.006373744457960129 145
1741818146542 0.017692649737000465 146
1741818147125 0.009399332106113434 147
1741818147704 0.009681343100965023 148
1741818148291 0.012835399247705936 149
1741818148873 0.013963418081402779 150
1741818149442 0.01564810797572136 151
1741818150032 0.015447715297341347 152
1741818150645 0.023127399384975433 153
1741818151225 0.023378949612379074 154
1741818151820 0.007659082766622305 155
1741818152401 0.011182492598891258 156
1741818152967 0.0062856124714016914 157
1741818153557 0.013471830636262894 158
1741818154145 0.006329883821308613 159
1741818154721 0.005241439212113619 160
1741818154834 0.03708072751760483 161
1741818155404 0.024320131167769432 162
1741818155976 0.012341165915131569 163
1741818156610 0.02682778425514698 164
1741818157166 0.0021583917550742626 165
1741818157741 0.023194249719381332 166
1741818158320 0.009522256441414356 167
1741818158905 0.014189481735229492 168
1741818159497 0.005705706775188446 169
1741818160080 0.010986877605319023 170
1741818160664 0.026353444904088974 171
1741818161238 0.0032312944531440735 172
1741818161824 0.023611271753907204 173
1741818162425 0.030006777495145798 174
1741818163006 0.025993265211582184 175
1741818163582 0.012407500296831131 176
1741818164158 0.021381065249443054 177
1741818164734 0.015583084896206856 178
1741818165305 0.03230027109384537 179
1741818165880 0.02273706905543804 180
1741818166444 0.016377026215195656 181
1741818167009 0.05677655339241028 182
1741818167598 0.01290689967572689 183
1741818168167 0.012716755270957947 184
1741818168737 0.006089106667786837 185
1741818169324 0.015668056905269623 186
1741818169890 0.013705536723136902 187
1741818169959 0.00021272189042065293 188
1741818170540 0.06625916808843613 189
1741818171123 0.01662397012114525 190
1741818171696 0.028088288381695747 191
1741818172273 0.04811074584722519 192
1741818172871 0.012063361704349518 193
1741818173437 0.08040881901979446 194
1741818174016 0.014376848936080933 195
1741818174606 0.025317979976534843 196
1741818175198 0.05445064604282379 197
1741818175797 0.023380188271403313 198
1741818176374 0.006213923916220665 199
1741818187609 0.019908571615815163 200
1741818188391 0.004283587913960218 201
1741818189191 0.029484113678336143 202
1741818189980 0.032273199409246445 203
1741818190808 0.01426539197564125 204
1741818191624 0.016471054404973984 205
1741818192407 0.023959670215845108 206
1741818193212 0.01701437495648861 207
1741818194032 0.010670909658074379 208
1741818194816 0.01309456117451191 209
1741818195637 0.027425963431596756 210
1741818196465 0.05093551427125931 211
1741818197270 0.01467503234744072 212
1741818198080 0.01142311654984951 213
1741818198883 0.02917855605483055 214
1741818199091 0.005069388076663017 215
1741818199881 0.0493554025888443 216
1741818200749 0.010388325899839401 217
1741818201548 0.0364861786365509 218
1741818202353 0.014351680874824524 219
1741818203167 0.02180895209312439 220
1741818203986 0.013361573219299316 221
1741818204801 0.024014446884393692 222
1741818205610 0.0028659305535256863 223
1741818206429 0.02325369231402874 224
1741818207236 0.018480265513062477 225
1741818208031 0.023715931922197342 226
1741818208867 0.01611795835196972 227
1741818209665 0.02237939089536667 228
1741818210437 0.030117947608232498 229
1741818211295 0.01741875894367695 230
1741818212051 0.007327493280172348 231
1741818212782 0.008702458813786507 232
1741818213545 0.04100764915347099 233
1741818214330 0.007184439804404974 234
1741818215128 0.018361138179898262 235
1741818215871 0.01603815145790577 236
1741818216599 0.029805578291416168 237
1741818217402 0.007576108444482088 238
1741818218164 0.018262457102537155 239
1741818218940 0.002683450700715184 240
1741818219494 0.007917286828160286 241
1741818219563 0.00030030604102648795 242
1741818220141 0.004918431397527456 243
1741818220703 0.02758736163377762 244
1741818221251 0.005743566434830427 245
1741818221814 0.0373128280043602 246
1741818222378 0.031642477959394455 247
1741818222953 0.00961508508771658 248
1741818223506 0.02429642155766487 249
1741818224095 0.036169905215501785 250
1741818224667 0.006979715079069138 251
1741818225241 0.030733922496438026 252
1741818225804 0.03296063095331192 253
1741818226384 0.004790672101080418 254
1741818226944 0.002305611502379179 255
1741818227537 0.004503023345023394 256
1741818228114 0.035013243556022644 257
1741818228700 0.013374902307987213 258
1741818229275 0.02730967104434967 259
1741818229862 0.02126772701740265 260
1741818230440 0.019708875566720963 261
1741818231062 0.024931587278842926 262
1741818231639 0.003776833415031433 263
1741818232233 0.020875874906778336 264
1741818232827 0.011250104755163193 265
1741818233395 0.049830999225378036 266
1741818233962 0.035347335040569305 267
1741818234513 0.003128979355096817 268
1741818234616 0.0006011490477249026 269
1741818235186 0.031167227774858475 270
1741818235765 0.012303084135055542 271
1741818236343 0.015609176829457283 272
1741818236988 0.024879824370145798 273
1741818237574 0.009854542091488838 274
1741818238136 0.0204332135617733 275
1741818238702 0.02155677229166031 276
1741818239279 0.020052529871463776 277
1741818239858 0.01574203185737133 278
1741818240443 0.01630004122853279 279
1741818241044 0.021235598251223564 280
1741818241671 0.016301479190587997 281
1741818242322 0.02163582481443882 282
1741818242999 0.0047861021012067795 283
1741818243647 0.013971330597996712 284
1741818244267 0.0214084405452013 285
1741818244847 0.008803276345133781 286
1741818245443 0.006560808978974819 287
1741818246051 0.016894511878490448 288
1741818246648 0.00596048217266798 289
1741818247243 0.011701663956046104 290
1741818247838 0.028470417484641075 291
1741818248414 0.01071083452552557 292
1741818249010 0.003878253046423197 293
1741818249615 0.011208899319171906 294
1741818250212 0.024311039596796036 295
1741818250283 0.00017945148283615708 296
1741818250887 0.014227593317627907 297
1741818251489 0.028116121888160706 298
1741818252085 0.0214952751994133 299
1741818262942 0.01648004911839962 300
1741818263753 0.022143980488181114 301
1741818264548 0.01860423944890499 302
1741818265335 0.010458754375576973 303
1741818266127 0.01925162971019745 304
1741818266900 0.016497459262609482 305
1741818267709 0.01889924518764019 306
1741818268627 0.0029131255578249693 307
1741818269434 0.012995196506381035 308
1741818270306 0.013455945998430252 309
1741818271097 0.0047300937585532665 310
1741818271909 0.016612078994512558 311
1741818272730 0.020203348249197006 312
1741818273580 0.01135533582419157 313
1741818274410 0.00780988996848464 314
1741818275233 0.0026119446847587824 315
1741818276042 0.00355317909270525 316
1741818276816 0.007788785267621279 317
1741818277669 0.05013509839773178 318
1741818278497 0.032935839146375656 319
1741818279325 0.038059383630752563 320
1741818280095 0.03860761225223541 321
1741818280896 0.01656060293316841 322
1741818281070 0.016672346740961075 323
1741818281879 0.034244634211063385 324
1741818282693 0.022115368396043777 325
1741818283553 0.021643701940774918 326
1741818284335 0.008242783136665821 327
1741818285130 0.0048078009858727455 328
1741818285923 0.0064291865564882755 329
1741818286764 0.009028629399836063 330
1741818287560 0.0030559664592146873 331
1741818288358 0.025134354829788208 332
1741818289138 0.013668570667505264 333
1741818289930 0.004464622121304274 334
1741818290663 0.00813906081020832 335
1741818291436 0.0073633636347949505 336
1741818292229 0.005055028013885021 337
1741818293062 0.02042114920914173 338
1741818293848 0.024612631648778915 339
1741818294628 0.007419375237077475 340
1741818295409 0.01089512836188078 341
1741818296023 0.017262518405914307 342
1741818296621 0.007558603771030903 343
1741818297213 0.014878339134156704 344
1741818297802 0.017353447154164314 345
1741818298439 0.010275484062731266 346
1741818299022 0.001350926817394793 347
1741818299623 0.013238913379609585 348
1741818300226 0.04221082106232643 349
1741818300294 0.00010402820771560073 350
1741818300888 0.04697128385305405 351
1741818301479 0.02107066847383976 352
1741818302081 0.005444394890218973 353
1741818302674 0.010690005496144295 354
1741818303264 0.03272664546966553 355
1741818303855 0.026014667004346848 356
1741818304441 0.020722568035125732 357
1741818305040 0.044196393340826035 358
1741818305625 0.014665900729596615 359
1741818306194 0.02170638181269169 360
1741818306764 0.010673196986317635 361
1741818307348 0.02705562487244606 362
1741818307944 0.008690230548381805 363
1741818308543 0.010022438131272793 364
1741818309125 0.02243231236934662 365
1741818309726 0.01554906740784645 366
1741818310319 0.0137291569262743 367
1741818310924 0.044443316757678986 368
1741818311521 0.0073799872770905495 369
1741818312120 0.008140425197780132 370
1741818312715 0.004307647235691547 371
1741818313302 0.005971016827970743 372
1741818313898 0.016783244907855988 373
1741818314463 0.007863810285925865 374
1741818315029 0.013588421046733856 375
1741818315618 0.009386731311678886 376
1741818315731 0.09059012681245804 377
1741818316320 0.018342940136790276 378
1741818316917 0.008017357438802719 379
1741818317507 0.00622680876404047 380
1741818318087 0.036055684089660645 381
1741818318664 0.01246858574450016 382
1741818319236 0.024232225492596626 383
1741818319864 0.015640757977962494 384
1741818320443 0.00826248712837696 385
1741818321020 0.021839987486600876 386
1741818321619 0.005542390048503876 387
1741818322222 0.01639302261173725 388
1741818322824 0.04311042279005051 389
1741818323399 0.014728178270161152 390
1741818323988 0.011648761108517647 391
1741818324551 0.00817992351949215 392
1741818325146 0.011716078966856003 393
1741818325746 0.004534653853625059 394
1741818326324 0.01439528726041317 395
1741818326896 0.021582454442977905 396
1741818327516 0.01700446754693985 397
1741818328125 0.01669464260339737 398
1741818328748 0.028035175055265427 399
1741818339121 0.008576437830924988 400
1741818339932 0.006785125937312841 401
1741818340759 0.021350344642996788 402
1741818341530 0.02025403082370758 403
1741818341627 7.08471707184799e-05 404
1741818342431 0.005175348371267319 405
1741818343275 0.006036017555743456 406
1741818344096 0.02056938409805298 407
1741818344911 0.022051390260457993 408
1741818345746 0.011479413136839867 409
1741818346668 0.02147236093878746 410
1741818347591 0.03020166978240013 411
1741818348717 0.026226241141557693 412
1741818349900 0.003502217587083578 413
1741818350887 0.024576403200626373 414
1741818351882 0.013169899582862854 415
1741818353099 0.016484539955854416 416
1741818354115 0.009444978088140488 417
1741818355140 0.023611005395650864 418
1741818356159 0.033070534467697144 419
1741818357106 0.004001891706138849 420
1741818357631 0.016515564173460007 421
1741818358104 0.011542263440787792 422
1741818358580 0.0058955242857337 423
1741818359053 0.013739453628659248 424
1741818359529 0.007754538208246231 425
1741818360003 0.0288238525390625 426
1741818360495 0.013726329430937767 427
1741818360988 0.009946497157216072 428
1741818361467 0.01711886003613472 429
1741818361946 0.015334056690335274 430
1741818362035 0.003209142480045557 431
1741818362507 0.012452843599021435 432
1741818362987 0.015777621418237686 433
1741818363467 0.004445863887667656 434
1741818363955 0.019486963748931885 435
1741818364426 0.005170849617570639 436
1741818364913 0.010942982509732246 437
1741818365414 0.006911460310220718 438
1741818365888 0.023144710808992386 439
1741818366373 0.00947569776326418 440
1741818366844 0.024754798039793968 441
1741818367327 0.03299913555383682 442
1741818367804 0.0023559704422950745 443
1741818368302 0.022994190454483032 444
1741818368793 0.012883190996944904 445
1741818369267 0.01270138006657362 446
1741818369741 0.021000845357775688 447
1741818370219 0.020527362823486328 448
1741818370710 0.02386489324271679 449
1741818371190 0.021401219069957733 450
1741818371668 0.009415315464138985 451
1741818372141 0.02297661080956459 452
1741818372620 0.058068957179784775 453
1741818373094 0.017867274582386017 454
1741818373583 0.02392546646296978 455
1741818374075 0.02336534485220909 456
1741818374550 0.010913713835179806 457
1741818374610 0.0003064845805056393 458
1741818375087 0.005422851536422968 459
1741818375563 0.010337420739233494 460
1741818376038 0.022984031587839127 461
1741818376515 0.01687244325876236 462
1741818377008 0.03100736066699028 463
1741818377489 0.010677259415388107 464
1741818377963 0.0020383966621011496 465
1741818378443 0.011254560202360153 466
1741818378946 0.014252832159399986 467
1741818379454 0.005112975835800171 468
1741818379948 0.02345491200685501 469
1741818380460 0.006991342641413212 470
1741818380955 0.013340737670660019 471
1741818381443 0.0071177296340465546 472
1741818381934 0.008966373279690742 473
1741818382434 0.015833836048841476 474
1741818382923 0.015360407531261444 475
1741818383418 0.004243163391947746 476
1741818383910 0.01862216368317604 477
1741818384415 0.0025295717641711235 478
1741818384911 0.01519193034619093 479
1741818385404 0.019335376098752022 480
1741818385896 0.011012624017894268 481
1741818386402 0.01910518854856491 482
1741818386913 0.012404641136527061 483
1741818387387 0.0164133720099926 484
1741818387469 0.014361096546053886 485
1741818387940 0.011163885705173016 486
1741818388459 0.022860346361994743 487
1741818388959 0.018902570009231567 488
1741818389435 0.037811264395713806 489
1741818389912 0.01180979236960411 490
1741818390409 0.02597300335764885 491
1741818390880 0.013539974577724934 492
1741818391394 0.0245228074491024 493
1741818391867 0.005063496995717287 494
1741818392339 0.008764725178480148 495
1741818392821 0.026250433176755905 496
1741818393298 0.02138357050716877 497
1741818393771 0.008911451324820518 498
1741818394254 0.024294517934322357 499
1741818400191 0.020391711965203285 500
1741818400683 0.008409854955971241 501
1741818401177 0.02425472065806389 502
1741818401683 0.0022843952756375074 503
1741818402176 0.007214456796646118 504
1741818402654 0.01625835709273815 505
1741818403144 0.007389095611870289 506
1741818403634 0.01342792995274067 507
1741818404118 0.015461611561477184 508
1741818404602 0.009191729128360748 509
1741818405100 0.01164757739752531 510
1741818405600 0.016616109758615494 511
1741818405672 0.0014952067285776138 512
1741818406159 0.034501805901527405 513
1741818406637 0.006631203927099705 514
1741818407115 0.02497713267803192 515
1741818407593 0.016414973884820938 516
1741818408073 0.011066274717450142 517
1741818408565 0.014859531074762344 518
1741818409060 0.006800759583711624 519
1741818409531 0.026609595865011215 520
1741818410002 0.015063293278217316 521
1741818410476 0.0039469217881560326 522
1741818410953 0.03641317039728165 523
1741818411432 0.008423781022429466 524
1741818411911 0.024276157841086388 525
1741818412389 0.042104002088308334 526
1741818412882 0.019522637128829956 527
1741818413363 0.010935739614069462 528
1741818413853 0.008612549863755703 529
1741818414366 0.04003334790468216 530
1741818414862 0.0033287708647549152 531
1741818415382 0.012153283692896366 532
1741818415880 0.00847021397203207 533
1741818416381 0.0040291291661560535 534
1741818416868 0.016952749341726303 535
1741818417365 0.013232383877038956 536
1741818417848 0.007958069443702698 537
1741818418339 0.01305463071912527 538
1741818418426 0.02870306372642517 539
1741818418926 0.014924508519470692 540
1741818419443 0.016671782359480858 541
1741818419942 0.013206660747528076 542
1741818420455 0.011885114014148712 543
1741818420951 0.00739637017250061 544
1741818421455 0.014996454119682312 545
1741818421963 0.30230093002319336 546
1741818422464 0.03807130828499794 547
1741818422963 0.010650156065821648 548
1741818423481 0.022768862545490265 549
1741818423979 0.00781161617487669 550
1741818424504 0.005650080740451813 551
1741818424994 0.020085761323571205 552
1741818425489 0.018414206802845 553
1741818426002 0.0030031325295567513 554
1741818426488 0.008477218449115753 555
1741818426974 0.029915276914834976 556
1741818427461 0.018746711313724518 557
1741818427953 0.009841682389378548 558
1741818428442 0.059790343046188354 559
1741818428929 0.0068187047727406025 560
1741818429416 0.019292905926704407 561
1741818429915 0.031093362718820572 562
1741818430406 0.02340119704604149 563
1741818430895 0.01369270496070385 564
1741818431386 0.014071161858737469 565
1741818431447 0.003156141145154834 566
1741818431934 0.014250277541577816 567
1741818432425 0.012381231412291527 568
1741818432926 0.01151516754180193 569
1741818433425 0.02614293247461319 570
1741818433923 0.00903109461069107 571
1741818434432 0.024805163964629173 572
1741818434929 0.009240332990884781 573
1741818435430 0.015492653474211693 574
1741818435929 0.026624266058206558 575
1741818436433 0.018048245459794998 576
1741818436918 0.0032355133444070816 577
1741818437411 0.006980888079851866 578
1741818437898 0.008653152734041214 579
1741818438387 0.008853323757648468 580
1741818438883 0.0155310845002532 581
1741818439387 0.008505916222929955 582
1741818439882 0.012399310246109962 583
1741818440384 0.01927690953016281 584
1741818440873 0.009522216394543648 585
1741818441357 0.0048661306500434875 586
1741818441843 0.025207936763763428 587
1741818442335 0.011185279116034508 588
1741818442830 0.019084477797150612 589
1741818443352 0.009217455051839352 590
1741818443856 0.011812087148427963 591
1741818444344 0.03268017992377281 592
1741818444430 0.10765639692544937 593
1741818444919 0.019250474870204926 594
1741818445411 0.01901329681277275 595
1741818445918 0.013185935094952583 596
1741818446407 0.01223254855722189 597
1741818446896 0.02380700595676899 598
1741818447386 0.00839246530085802 599
1741818453392 0.018234966322779655 600
1741818453895 0.010928424075245857 601
1741818454387 0.009652012959122658 602
1741818454871 0.007620512042194605 603
1741818455358 0.021402187645435333 604
1741818455844 0.007377994246780872 605
1741818456343 0.012426077388226986 606
1741818456837 0.017498362809419632 607
1741818457331 0.023103777319192886 608
1741818457817 0.005920466501265764 609
1741818458304 0.009624583646655083 610
1741818458791 0.019102364778518677 611
1741818459286 0.004688340704888105 612
1741818459767 0.026760222390294075 613
1741818460250 0.013994713313877583 614
1741818460725 0.011896979063749313 615
1741818461203 0.013237165287137032 616
1741818461699 0.007620205171406269 617
1741818462196 0.007647848688066006 618
1741818462675 0.025346362963318825 619
1741818462735 0.00010308426863048226 620
1741818463242 0.01644294522702694 621
1741818463717 0.003938347566872835 622
1741818464193 0.03255293145775795 623
1741818464668 0.007791498675942421 624
1741818465142 0.038559943437576294 625
1741818465640 0.022022949531674385 626
1741818466120 0.004735717084258795 627
1741818466617 0.011040800251066685 628
1741818467097 0.006956116296350956 629
1741818467577 0.012275854125618935 630
1741818468065 0.01422906294465065 631
1741818468561 0.016991235315799713 632
1741818469049 0.022817112505435944 633
1741818469527 0.009556414559483528 634
1741818470010 0.018144652247428894 635
1741818470484 0.014550626277923584 636
1741818470955 0.004345727153122425 637
1741818471432 0.0025467309169471264 638
1741818471901 0.01200004480779171 639
1741818472379 0.012133963406085968 640
1741818472873 0.008107706904411316 641
1741818473387 0.020172448828816414 642
1741818473875 0.050675906240940094 643
1741818474366 0.008869359269738197 644
1741818474839 0.013596346601843834 645
1741818475312 0.0059657348319888115 646
1741818475396 0.03320659324526787 647
1741818475903 0.012559019029140472 648
1741818476385 0.021351411938667297 649
1741818476857 0.023090165108442307 650
1741818477332 0.013077234849333763 651
1741818477803 0.004668205976486206 652
1741818478306 0.011092585511505604 653
1741818478788 0.01150583103299141 654
1741818479259 0.009698673151433468 655
1741818479734 0.01297793909907341 656
1741818480216 0.017990000545978546 657
1741818480709 0.024271797388792038 658
1741818481189 0.01616641879081726 659
1741818481669 0.034747205674648285 660
1741818482140 0.04973728209733963 661
1741818482617 0.023227952420711517 662
1741818483096 0.010508173145353794 663
1741818483579 0.016971006989479065 664
1741818484054 0.009256378747522831 665
1741818484528 0.02043282613158226 666
1741818484999 0.009764593094587326 667
1741818485492 0.020775631070137024 668
1741818485982 0.01989651657640934 669
1741818486463 0.018685055896639824 670
1741818486936 0.01563633419573307 671
1741818487411 0.022490285336971283 672
1741818487891 0.045206066220998764 673
1741818487950 7.847775123082101e-05 674
1741818488433 0.0052163731306791306 675
1741818488922 0.013595730066299438 676
1741818489399 0.008111240342259407 677
1741818489873 0.01571039855480194 678
1741818490358 0.021219119429588318 679
1741818490841 0.0281699039041996 680
1741818491320 0.021318161860108376 681
1741818491810 0.034180402755737305 682
1741818492290 0.00604347325861454 683
1741818492758 0.012876753695309162 684
1741818493242 0.0052402568981051445 685
1741818493715 0.00978202372789383 686
1741818494199 0.020008016377687454 687
1741818494671 0.01887151598930359 688
1741818495142 0.006358327344059944 689
1741818495631 0.001894156914204359 690
1741818496128 0.009364546276628971 691
1741818496604 0.015558754093945026 692
1741818497078 0.0065393452532589436 693
1741818497566 0.005305200815200806 694
1741818498045 0.009836660698056221 695
1741818498522 0.00783582217991352 696
1741818499016 0.026262398809194565 697
1741818499504 0.01802833005785942 698
1741818499979 0.02080043964087963 699
1741818505832 0.009653845801949501 700
1741818505912 0.06077183037996292 701
1741818506406 0.008307557553052902 702
1741818506906 0.010794345289468765 703
1741818507406 0.01638096570968628 704
1741818507906 0.004271701443940401 705
1741818508403 0.0031908934470266104 706
1741818508895 0.007652611006051302 707
1741818509395 0.02651667222380638 708
1741818509888 0.015047627501189709 709
1741818510382 0.013787718489766121 710
1741818510867 0.01555098220705986 711
1741818511351 0.008686097338795662 712
1741818511835 0.013563424348831177 713
1741818512345 0.005161396227777004 714
1741818512837 0.018019087612628937 715
1741818513336 0.013327808119356632 716
1741818513818 0.016500435769557953 717
1741818514310 0.006293566897511482 718
1741818514806 0.010261071845889091 719
1741818515317 0.007588685490190983 720
1741818515801 0.02256600186228752 721
1741818516300 0.01857416331768036 722
1741818516783 0.01497669704258442 723
1741818517275 0.011741099879145622 724
1741818517761 0.005353924352675676 725
1741818518268 0.02536335401237011 726
1741818518766 0.0016162835527211428 727
1741818518827 0.0006935637793503702 728
1741818519337 0.008820909075438976 729
1741818519841 0.006883470341563225 730
1741818520351 0.02191462740302086 731
1741818520859 0.03327874094247818 732
1741818521362 0.03254583477973938 733
1741818521857 0.018102291971445084 734
1741818522354 0.005715802311897278 735
1741818522853 0.0019974960014224052 736
1741818523344 0.009442687965929508 737
1741818523826 0.011097902432084084 738
1741818524309 0.015000030398368835 739
1741818524791 0.0038725659251213074 740
1741818525273 0.021816417574882507 741
1741818525752 0.00863991491496563 742
1741818526234 0.017807548865675926 743
1741818526711 0.004856884479522705 744
1741818527192 0.010625666938722134 745
1741818527680 0.017829127609729767 746
1741818528172 0.011371640488505363 747
1741818528656 0.012395437806844711 748
1741818529136 0.004216428846120834 749
1741818529619 0.018561339005827904 750
1741818530105 0.014188846573233604 751
1741818530599 0.0227113738656044 752
1741818531094 0.016363244503736496 753
1741818531567 0.004812233615666628 754
1741818531651 0.21292538940906525 755
1741818532126 0.0010756123811006546 756
1741818532604 0.010410265997052193 757
1741818533095 0.010177645832300186 758
1741818533572 0.02076617255806923 759
1741818534060 0.003109729615971446 760
1741818534539 0.007385895121842623 761
1741818535019 0.04035399109125137 762
1741818535500 0.014842797070741653 763
1741818535992 0.0010771751403808594 764
1741818536466 0.006851432844996452 765
1741818536961 0.020173329859972 766
1741818537443 0.014914123341441154 767
1741818537934 0.009863805025815964 768
1741818538412 0.013014617376029491 769
1741818538897 0.007526652421802282 770
1741818539379 0.001406836323440075 771
1741818539859 0.027057457715272903 772
1741818540344 0.0031208472792059183 773
1741818540821 0.03849592059850693 774
1741818541313 0.006551618222147226 775
1741818541799 0.009543772786855698 776
1741818542290 0.026353690773248672 777
1741818542780 0.006734440568834543 778
1741818543271 0.01084927748888731 779
1741818543748 0.02472052536904812 780
1741818544264 0.010143217630684376 781
1741818544326 7.767154602333903e-05 782
1741818544841 0.02326025441288948 783
1741818545357 0.021856382489204407 784
1741818545873 0.013674546033143997 785
1741818546413 0.0043562487699091434 786
1741818546931 0.026745306327939034 787
1741818547452 0.003736995393410325 788
1741818547954 0.019795149564743042 789
1741818548465 0.015429839491844177 790
1741818548965 0.003142266534268856 791
1741818549470 0.014005177654325962 792
1741818549977 0.006973571144044399 793
1741818550492 0.004608608316630125 794
1741818551019 0.00992834847420454 795
1741818551526 0.019239284098148346 796
1741818552036 0.016877591609954834 797
1741818552551 0.013798469677567482 798
1741818553062 0.014038549736142159 799
1741818559293 0.010079171508550644 800
1741818559789 0.051838796585798264 801
1741818560290 0.012933235615491867 802
1741818560782 0.006517942529171705 803
1741818561297 0.018494442105293274 804
1741818561806 0.022694259881973267 805
1741818562319 0.015964757651090622 806
1741818562801 0.01388167031109333 807
1741818563294 0.02867581695318222 808
1741818563379 0.0008726380183361471 809
1741818563875 0.011809943243861198 810
1741818564378 0.007693660445511341 811
1741818564876 0.05735914409160614 812
1741818565382 0.005953654181212187 813
1741818565886 0.004707361105829477 814
1741818566397 0.0048531098291277885 815
1741818566879 0.017442472279071808 816
1741818567372 0.007634350098669529 817
1741818567860 0.019265729933977127 818
1741818568354 0.01792524755001068 819
1741818568842 0.004069471266120672 820
1741818569336 0.028225021436810493 821
1741818569821 0.007359342183917761 822
1741818570323 0.002087001223117113 823
1741818570809 0.01653054915368557 824
1741818571298 0.00975582841783762 825
1741818571794 0.002815279643982649 826
1741818572291 0.021372808143496513 827
1741818572792 0.008158977143466473 828
1741818573297 0.01334688626229763 829
1741818573783 0.003370216116309166 830
1741818574292 0.04055062308907509 831
1741818574794 0.0032905477564781904 832
1741818575299 0.0045484211295843124 833
1741818575811 0.008440878242254257 834
1741818576303 0.004952418617904186 835
1741818576365 7.868282409617677e-05 836
1741818576862 0.028196437284350395 837
1741818577362 0.015540490858256817 838
1741818577861 0.015802040696144104 839
1741818578346 0.02064199000597 840
1741818578837 0.013879437930881977 841
1741818579338 0.014880739152431488 842
1741818579826 0.0109848752617836 843
1741818580325 0.012913207523524761 844
1741818580819 0.009621838107705116 845
1741818581319 0.009917772375047207 846
1741818581820 0.012103447690606117 847
1741818582342 0.018217159435153008 848
1741818582839 0.015945255756378174 849
1741818583343 0.004833227023482323 850
1741818583842 0.02127883769571781 851
1741818584346 0.013225967064499855 852
1741818584848 0.009802835062146187 853
1741818585375 0.010675604455173016 854
1741818585880 0.025425802916288376 855
1741818586386 0.00973249040544033 856
1741818586895 0.006631703115999699 857
1741818587402 0.01558587048202753 858
1741818587893 0.009146827273070812 859
1741818588406 0.02089245617389679 860
1741818588905 0.0231910552829504 861
1741818589409 0.03647002577781677 862
1741818589493 0.0026971297338604927 863
1741818589996 0.012384290806949139 864
1741818590492 0.006826325785368681 865
1741818590985 0.022265087813138962 866
1741818591471 0.006006421521306038 867
1741818591989 0.0018110965611413121 868
1741818592512 0.0074417078867554665 869
1741818593008 0.0048173582181334496 870
1741818593515 0.008394633419811726 871
1741818594025 0.028801869601011276 872
1741818594537 0.008962341584265232 873
1741818595049 0.014356138184666634 874
1741818595564 0.004765852354466915 875
1741818596073 0.07345632463693619 876
1741818596561 0.010618755593895912 877
1741818597051 0.0069513823837041855 878
1741818597550 0.011562954634428024 879
1741818598076 0.0040014744736254215 880
1741818598579 0.005174275487661362 881
1741818599084 0.011470863595604897 882
1741818599587 0.0064866510219872 883
1741818600094 0.01122190710157156 884
1741818600604 0.018590644001960754 885
1741818601101 0.024589775130152702 886
1741818601610 0.010125785134732723 887
1741818602125 0.03187165409326553 888
1741818602641 0.012454413808882236 889
1741818602702 8.367604459635913e-05 890
1741818603230 0.0029269231017678976 891
1741818603750 0.006746169179677963 892
1741818604276 0.030698223039507866 893
1741818604766 0.00956481508910656 894
1741818605250 0.005838282871991396 895
1741818605755 0.008136367425322533 896
1741818606238 0.008950493298470974 897
1741818606744 0.002620830200612545 898
1741818607225 0.02087775431573391 899
1741818613477 0.02111118473112583 900
1741818613986 0.014527477324008942 901
1741818614515 0.023440293967723846 902
1741818615038 0.010027395561337471 903
1741818615546 0.005916110705584288 904
1741818616061 0.02125721238553524 905
1741818616570 0.00552956759929657 906
1741818617079 0.008516345173120499 907
1741818617583 0.012227032333612442 908
1741818618081 0.008303206413984299 909
1741818618587 0.009700501337647438 910
1741818619090 0.009155798703432083 911
1741818619609 0.02455669268965721 912
1741818620121 0.0063786581158638 913
1741818620623 0.0058144461363554 914
1741818621110 0.012524443678557873 915
1741818621600 0.026210879907011986 916
1741818621684 0.07233856618404388 917
1741818622194 0.013504421338438988 918
1741818622698 0.06350278854370117 919
1741818623196 0.018732883036136627 920
1741818623685 0.012600675225257874 921
1741818624178 0.020793337374925613 922
1741818624669 0.010740464553236961 923
1741818625170 0.011126724071800709 924
1741818625687 0.0028371571097522974 925
1741818626177 0.005429685581475496 926
1741818626673 0.008332397788763046 927
1741818627191 0.004036585800349712 928
1741818627704 0.010294908657670021 929
1741818628196 0.006222370080649853 930
1741818628683 0.005910931155085564 931
1741818629176 0.0252788495272398 932
1741818629681 0.021561412140727043 933
1741818630169 0.015897197648882866 934
1741818630661 0.020997852087020874 935
1741818631145 0.015423676930367947 936
1741818631638 0.0026280509773641825 937
1741818632122 0.005388024263083935 938
1741818632609 0.008894567377865314 939
1741818633098 0.0064575159922242165 940
1741818633586 0.01135568879544735 941
1741818634083 0.002004304900765419 942
1741818634572 0.007637853734195232 943
1741818634633 8.502384298481047e-05 944
1741818635123 0.009109408594667912 945
1741818635614 0.005903166253119707 946
1741818636105 0.005606627557426691 947
1741818636582 0.024400241672992706 948
1741818637072 0.016622141003608704 949
1741818637558 0.008017422631382942 950
1741818638037 0.008259709924459457 951
1741818638523 0.019488900899887085 952
1741818639003 0.005285779479891062 953
1741818639475 0.005503857973963022 954
1741818639951 0.013333509676158428 955
1741818640430 0.01411493867635727 956
1741818640937 0.012378878891468048 957
1741818641454 0.00495988130569458 958
1741818641962 0.009569047018885612 959
1741818642474 0.018623661249876022 960
1741818642982 0.0026224663015455008 961
1741818643492 0.004176891874521971 962
1741818643987 0.007692194543778896 963
1741818644490 0.007342855911701918 964
1741818644989 0.01667148619890213 965
1741818645487 0.006415249314159155 966
1741818645987 0.0027534300461411476 967
1741818646485 0.030153410509228706 968
1741818646992 0.0025366838090121746 969
1741818647499 0.011463426053524017 970
1741818647585 0.008982699364423752 971
1741818648104 0.016245240345597267 972
1741818648611 0.0048487321473658085 973
1741818649116 0.08249379694461823 974
1741818649622 0.009672781452536583 975
1741818650121 0.011891854926943779 976
1741818650619 0.0063287364318966866 977
1741818651127 0.0028721163980662823 978
1741818651627 0.01040597353130579 979
1741818652123 0.006434308364987373 980
1741818652631 0.014576282352209091 981
1741818653149 0.0257647093385458 982
1741818653654 0.01525614969432354 983
1741818654165 0.05457638204097748 984
1741818654669 0.019251953810453415 985
1741818655174 0.002432863460853696 986
1741818655670 0.011251084506511688 987
1741818656185 0.005556796211749315 988
1741818656680 0.01841507852077484 989
1741818657190 0.01000614371150732 990
1741818657686 0.012369274161756039 991
1741818658191 0.005542932078242302 992
1741818658695 0.0042505827732384205 993
1741818659215 0.010476832278072834 994
1741818659720 0.009523860178887844 995
1741818660233 0.008883405476808548 996
1741818660746 0.016211187466979027 997
1741818660808 0.0027381121180951595 998
1741818661313 0.02759130299091339 999
1741818667223 0.04730222746729851 1000
1741818667706 0.024384096264839172 1001
1741818668200 0.014684900641441345 1002
1741818668682 0.012461487203836441 1003
1741818669168 0.0034336610697209835 1004
1741818669662 0.0032150824554264545 1005
1741818670169 0.004605010151863098 1006
1741818670650 0.010617546737194061 1007
1741818671134 0.011252323165535927 1008
1741818671615 0.022260162979364395 1009
1741818672112 0.015209405682981014 1010
1741818672597 0.00526041816920042 1011
1741818673097 0.021089479327201843 1012
1741818673586 0.008657877333462238 1013
1741818674072 0.011207295581698418 1014
1741818674557 0.008925113826990128 1015
1741818675042 0.009175403043627739 1016
1741818675533 0.009270130656659603 1017
1741818676017 0.01120912004262209 1018
1741818676518 0.01645340956747532 1019
1741818677000 0.0069157578982412815 1020
1741818677486 0.024445779621601105 1021
1741818677984 0.01096944697201252 1022
1741818678469 0.008541068993508816 1023
1741818678948 0.00419364869594574 1024
1741818679035 0.003684564493596554 1025
1741818679521 0.005821614526212215 1026
1741818680033 0.0060441503301262856 1027
1741818680523 0.007118038833141327 1028
1741818681017 0.0119019141420722 1029
1741818681500 0.022133994847536087 1030
1741818681990 0.04257109388709068 1031
1741818682476 0.0036628132220357656 1032
1741818682977 0.009377565234899521 1033
1741818683485 0.010380316525697708 1034
1741818683979 0.012715844437479973 1035
1741818684477 0.008072393015027046 1036
1741818684974 0.028606848791241646 1037
1741818685481 0.00911194272339344 1038
1741818685980 0.017826270312070847 1039
1741818686475 0.008301048539578915 1040
1741818686970 0.018940167501568794 1041
1741818687471 0.008058477193117142 1042
1741818687973 0.007954651489853859 1043
1741818688480 0.002564390655606985 1044
1741818688978 0.017619429156184196 1045
1741818689476 0.008396508172154427 1046
1741818689958 0.00899882335215807 1047
1741818690442 0.00824355985969305 1048
1741818690925 0.0035072010941803455 1049
1741818691413 0.01630992628633976 1050
1741818691902 0.015033116564154625 1051
1741818691963 0.000651580689009279 1052
1741818692452 0.009888718836009502 1053
1741818692927 0.008577226661145687 1054
1741818693426 0.03412223979830742 1055
1741818693905 0.018254393711686134 1056
1741818694386 0.021582840010523796 1057
1741818694869 0.017562199383974075 1058
1741818695359 0.01151092629879713 1059
1741818695830 0.009508797898888588 1060
1741818696313 0.007598813623189926 1061
1741818696793 0.0015566719230264425 1062
1741818697274 0.006830419413745403 1063
1741818697750 0.006400514394044876 1064
1741818698228 0.003192070871591568 1065
1741818698727 0.004251204431056976 1066
1741818699216 0.011508884839713573 1067
1741818699691 0.007941464893519878 1068
1741818700174 0.01966022700071335 1069
1741818700641 0.01216796413064003 1070
1741818701116 0.013691294938325882 1071
1741818701603 0.016605256125330925 1072
1741818702090 0.01178763434290886 1073
1741818702569 0.007067560218274593 1074
1741818703043 0.003897345159202814 1075
1741818703520 0.011304570361971855 1076
1741818704001 0.04327256232500076 1077
1741818704471 0.008468074724078178 1078
1741818704554 0.008188714273273945 1079
1741818705045 0.005835666321218014 1080
1741818705522 0.011332123540341854 1081
1741818706010 0.022306138649582863 1082
1741818706485 0.0049886214546859264 1083
1741818706965 0.011535926721990108 1084
1741818707463 0.007277120370417833 1085
1741818707959 0.00470631243661046 1086
1741818708450 0.005316473543643951 1087
1741818708954 0.007035422138869762 1088
1741818709451 0.014300217851996422 1089
1741818709948 0.01784217357635498 1090
1741818710453 0.017111722379922867 1091
1741818710974 0.011213027872145176 1092
1741818711475 0.003982403315603733 1093
1741818711977 0.006997962947934866 1094
1741818712482 0.011419194750487804 1095
1741818712993 0.009462961927056313 1096
1741818713498 0.005038444884121418 1097
1741818713998 0.005042495205998421 1098
1741818714502 0.0055574821308255196 1099
1741818720664 0.00804045982658863 1100
1741818721152 0.012010589241981506 1101
1741818721661 0.008393818512558937 1102
1741818722173 0.030949680134654045 1103
1741818722668 0.002855231985449791 1104
1741818723183 0.0049874745309352875 1105
1741818723245 0.00024850928457453847 1106
1741818723757 0.017579499632120132 1107
1741818724273 0.03900877386331558 1108
1741818724779 0.01023900881409645 1109
1741818725298 0.013931556604802608 1110
1741818725797 0.029205184429883957 1111
1741818726311 0.011580565944314003 1112
1741818726825 0.016707681119441986 1113
1741818727348 0.0050817206501960754 1114
1741818727866 0.013556012883782387 1115
1741818728382 0.035846564918756485 1116
1741818728889 0.006519165821373463 1117
1741818729415 0.005201494321227074 1118
1741818729938 0.015035239979624748 1119
1741818730463 0.00905475951731205 1120
1741818730976 0.006909514777362347 1121
1741818731481 0.003617572132498026 1122
1741818731981 0.010524282231926918 1123
1741818732478 0.00972801074385643 1124
1741818732971 0.005567651242017746 1125
1741818733462 0.005031566135585308 1126
1741818733948 0.010762732475996017 1127
1741818734439 0.010578994639217854 1128
1741818734933 0.003931695129722357 1129
1741818735430 0.005277126096189022 1130
1741818735917 0.0072994232177734375 1131
1741818736430 0.021075770258903503 1132
1741818736519 0.08850353211164474 1133
1741818737009 0.011061403900384903 1134
1741818737498 0.010564504191279411 1135
1741818737984 0.009677094407379627 1136
1741818738479 0.009246639907360077 1137
1741818738968 0.010945173911750317 1138
1741818739466 0.010132481344044209 1139
1741818739961 0.0013379902811720967 1140
1741818740445 0.005254448391497135 1141
1741818740936 0.017182784155011177 1142
1741818741422 0.01211943756788969 1143
1741818741907 0.005825472995638847 1144
1741818742401 0.011358681134879589 1145
1741818742891 0.007172944489866495 1146
1741818743386 0.009719040244817734 1147
1741818743875 0.012121917679905891 1148
1741818744371 0.007316166535019875 1149
1741818744856 0.015087190084159374 1150
1741818745344 0.014563510194420815 1151
1741818745839 0.009717265143990517 1152
1741818746331 0.004825398325920105 1153
1741818746829 0.011443883180618286 1154
1741818747333 0.010765713639557362 1155
1741818747836 0.01748143881559372 1156
1741818748341 0.004501484800130129 1157
1741818748853 0.006407707929611206 1158
1741818749386 0.012661129236221313 1159
1741818749448 0.002158774994313717 1160
1741818749946 0.007220304571092129 1161
1741818750445 0.006342660170048475 1162
1741818750949 0.00838268082588911 1163
1741818751454 0.01457924023270607 1164
1741818751959 0.014088165014982224 1165
1741818752477 0.00946345180273056 1166
1741818753005 0.01110769435763359 1167
1741818753523 0.007542602717876434 1168
1741818754030 0.0063703651539981365 1169
1741818754544 0.007708975113928318 1170
1741818755059 0.012177929282188416 1171
1741818755572 0.013866216875612736 1172
1741818756096 0.007787745445966721 1173
1741818756603 0.002887520706281066 1174
1741818757105 0.04298508167266846 1175
1741818757594 0.013324074447154999 1176
1741818758096 0.009499178268015385 1177
1741818758588 0.00573637243360281 1178
1741818759084 0.0018617368768900633 1179
1741818759583 0.0032362407073378563 1180
1741818760080 0.0032841500360518694 1181
1741818760568 0.009916267357766628 1182
1741818761070 0.004296806640923023 1183
1741818761561 0.005567354615777731 1184
1741818762053 0.013985184952616692 1185
1741818762538 0.023409061133861542 1186
1741818762622 0.04361493140459061 1187
1741818763111 0.0011760150082409382 1188
1741818763599 0.013495862483978271 1189
1741818764095 0.01147114671766758 1190
1741818764586 0.0037372815422713757 1191
1741818765073 0.0115713682025671 1192
1741818765565 0.0019101033685728908 1193
1741818766060 0.004823603201657534 1194
1741818766550 0.013674937188625336 1195
1741818767037 0.0054190875962376595 1196
1741818767537 0.0076728155836462975 1197
1741818768025 0.014135772362351418 1198
1741818768518 0.005976212210953236 1199
1741818774816 0.00531424768269062 1200
1741818775334 0.00788523443043232 1201
1741818775827 0.015749860554933548 1202
1741818776327 0.0032642707228660583 1203
1741818776813 0.0008155300747603178 1204
1741818777320 0.003821702441200614 1205
1741818777810 0.0056260814890265465 1206
1741818778304 0.01712758094072342 1207
1741818778789 0.02963891439139843 1208
1741818779268 0.021502090618014336 1209
1741818779744 0.01039241161197424 1210
1741818780231 0.025896647945046425 1211
1741818780707 0.00702274963259697 1212
1741818781204 0.01470729149878025 1213
1741818781265 0.001324414275586605 1214
1741818781743 0.011738801375031471 1215
1741818782227 0.0018306180136278272 1216
1741818782715 0.007615243084728718 1217
1741818783217 0.003206490073353052 1218
1741818783715 0.0013820542953908443 1219
1741818784223 0.010958111844956875 1220
1741818784715 0.018802188336849213 1221
1741818785217 0.009991468861699104 1222
1741818785715 0.015736348927021027 1223
1741818786220 0.0032938621006906033 1224
1741818786715 0.00780739588662982 1225
1741818787226 0.1867443472146988 1226
1741818787755 0.013614245690405369 1227
1741818788260 0.004293286707252264 1228
1741818788752 0.010290326550602913 1229
1741818789251 0.004405803978443146 1230
1741818789747 0.006110233720391989 1231
1741818790263 0.0130778718739748 1232
1741818790758 0.002458825707435608 1233
1741818791243 0.008610994555056095 1234
1741818791725 0.010223188437521458 1235
1741818792214 0.016867905855178833 1236
1741818792697 0.026561111211776733 1237
1741818793181 0.004831012804061174 1238
1741818793665 0.009167749434709549 1239
1741818794167 0.020014606416225433 1240
1741818794249 0.06788612902164459 1241
1741818794736 0.03833892568945885 1242
1741818795216 0.004095485899597406 1243
1741818795693 0.004727478139102459 1244
1741818796180 0.010083535686135292 1245
1741818796669 0.01556071825325489 1246
1741818797143 0.01582508347928524 1247
1741818797617 0.011541727930307388 1248
1741818798096 0.005962660536170006 1249
1741818798577 0.028991149738430977 1250
1741818799051 0.027696680277585983 1251
1741818799525 0.009455880150198936 1252
1741818800010 0.02050219289958477 1253
1741818800484 0.007300130091607571 1254
1741818800958 0.00882022175937891 1255
1741818801451 0.008345568552613258 1256
1741818801929 0.0073398686945438385 1257
1741818802418 0.008287996985018253 1258
1741818802896 0.006030044984072447 1259
1741818803383 0.010530920699238777 1260
1741818803865 0.009390497580170631 1261
1741818804358 0.0235632061958313 1262
1741818804836 0.007588595617562532 1263
1741818805326 0.015571026131510735 1264
1741818805806 0.010334695689380169 1265
1741818806283 0.014017477631568909 1266
1741818806771 0.025910738855600357 1267
1741818806832 0.003577779745683074 1268
1741818807316 0.0015160449547693133 1269
1741818807807 0.01813565194606781 1270
1741818808311 0.006564341485500336 1271
1741818808791 0.010713823139667511 1272
1741818809270 0.009270897135138512 1273
1741818809746 0.006330507341772318 1274
1741818810225 0.042690154165029526 1275
1741818810714 0.014965711161494255 1276
1741818811214 0.005898669827729464 1277
1741818811701 0.006132022477686405 1278
1741818812194 0.016899455338716507 1279
1741818812671 0.0035408337134867907 1280
1741818813152 0.00823439471423626 1281
1741818813644 0.016388405114412308 1282
1741818814120 0.015930823981761932 1283
1741818814598 0.004552130121737719 1284
1741818815078 0.00579584576189518 1285
1741818815556 0.004440386779606342 1286
1741818816035 0.005127348937094212 1287
1741818816519 0.0037237561773508787 1288
1741818817007 0.012884365394711494 1289
1741818817505 0.012323722243309021 1290
1741818817987 0.007764765992760658 1291
1741818818470 0.020977869629859924 1292
1741818818947 0.004261916037648916 1293
1741818819433 0.00841059722006321 1294
1741818819517 0.00859107356518507 1295
1741818819996 0.027652019634842873 1296
1741818820475 0.008224877528846264 1297
1741818820955 0.003968100994825363 1298
1741818821441 0.00670241191983223 1299
1741818827344 0.014611819759011269 1300
1741818827827 0.005986970849335194 1301
1741818828317 0.02827494591474533 1302
1741818828807 0.004519093781709671 1303
1741818829301 0.0076142288744449615 1304
1741818829792 0.014435702003538609 1305
1741818830281 0.00935870036482811 1306
1741818830767 0.00808992050588131 1307
1741818831264 0.00659355241805315 1308
1741818831755 0.008011475205421448 1309
1741818832255 0.01054162997752428 1310
1741818832743 0.006873050704598427 1311
1741818833241 0.019469019025564194 1312
1741818833722 0.004617172293365002 1313
1741818834222 0.007756002712994814 1314
1741818834715 0.011367244645953178 1315
1741818835207 0.005532367620617151 1316
1741818835684 0.003822365077212453 1317
1741818836172 0.008835975080728531 1318
1741818836662 0.0017168993363156915 1319
1741818837140 0.0030536220874637365 1320
1741818837622 0.005400293972343206 1321
1741818837683 0.00027128710644319654 1322
1741818838179 0.006954423151910305 1323
1741818838659 0.007258791476488113 1324
1741818839151 0.04205651953816414 1325
1741818839655 0.00636972114443779 1326
1741818840153 0.02121075801551342 1327
1741818840650 0.009980767033994198 1328
1741818841153 0.030303698033094406 1329
1741818841653 0.007344655692577362 1330
1741818842166 0.0073504275642335415 1331
1741818842659 0.0021683406084775925 1332
1741818843162 0.011016316711902618 1333
1741818843655 0.008794907480478287 1334
1741818844144 0.00785774551331997 1335
1741818844644 0.025226902216672897 1336
1741818845136 0.021681910380721092 1337
1741818845629 0.01082621794193983 1338
1741818846120 0.002508587669581175 1339
1741818846612 0.004159341566264629 1340
1741818847103 0.005874025635421276 1341
1741818847596 0.004189664497971535 1342
1741818848095 0.004130028188228607 1343
1741818848597 0.019145896658301353 1344
1741818849095 0.003309754654765129 1345
1741818849603 0.007573817856609821 1346
1741818850109 0.012550346553325653 1347
1741818850615 0.0030916857067495584 1348
1741818850704 8.381546649616212e-05 1349
1741818851204 0.010609405115246773 1350
1741818851710 0.01163316797465086 1351
1741818852210 0.015875935554504395 1352
1741818852726 0.01044740341603756 1353
1741818853235 0.005375589709728956 1354
1741818853743 0.007445758208632469 1355
1741818854266 0.01000684779137373 1356
1741818854769 0.012578971683979034 1357
1741818855277 0.0032361026387661695 1358
1741818855780 0.003975922241806984 1359
1741818856283 0.00916428305208683 1360
1741818856785 0.008915485814213753 1361
1741818857287 0.012033768929541111 1362
1741818857816 0.008605279959738255 1363
1741818858325 0.008744077757000923 1364
1741818858831 0.003024063538759947 1365
1741818859339 0.01958182454109192 1366
1741818859841 0.005747244227677584 1367
1741818860334 0.003094213316217065 1368
1741818860825 0.006533307023346424 1369
1741818861326 0.006754521746188402 1370
1741818861829 0.006713302806019783 1371
1741818862323 0.0040923538617789745 1372
1741818862815 0.010833662934601307 1373
1741818863316 0.003342321375384927 1374
1741818863807 0.008339245803654194 1375
1741818863869 0.00010176075738854706 1376
1741818864363 0.011426758952438831 1377
1741818864856 0.011931825429201126 1378
1741818865359 0.011246664449572563 1379
1741818865855 0.020118314772844315 1380
1741818866350 0.006636025849729776 1381
1741818866846 0.004365334752947092 1382
1741818867343 0.0038600065745413303 1383
1741818867832 0.0035809262190014124 1384
1741818868352 0.004525118973106146 1385
1741818868851 0.006775771267712116 1386
1741818869347 0.009769824333488941 1387
1741818869839 0.006618565879762173 1388
1741818870336 0.018169179558753967 1389
1741818870845 0.004579382948577404 1390
1741818871346 0.013573041185736656 1391
1741818871843 0.006923967972397804 1392
1741818872336 0.013564765453338623 1393
1741818872829 0.005958687048405409 1394
1741818873357 0.011200180277228355 1395
1741818873863 0.009125123731791973 1396
1741818874383 0.01863524317741394 1397
1741818874895 0.008478905074298382 1398
1741818875407 0.012335396371781826 1399
1741818881590 0.0026778466999530792 1400
1741818882096 0.008140389807522297 1401
1741818882584 0.011665365658700466 1402
1741818882672 0.0019109854474663734 1403
1741818883191 0.008881546556949615 1404
1741818883674 0.0026435907930135727 1405
1741818884154 0.004505434073507786 1406
1741818884641 0.008420737460255623 1407
1741818885134 0.007250871509313583 1408
1741818885642 0.018706681206822395 1409
1741818886137 0.004660546313971281 1410
1741818886617 0.010135764256119728 1411
1741818887123 0.01773444004356861 1412
1741818887591 0.001436732360161841 1413
1741818888078 0.005498602986335754 1414
1741818888575 0.03492480143904686 1415
1741818889091 0.007579007185995579 1416
1741818889589 0.02439507097005844 1417
1741818890109 0.0021459052804857492 1418
1741818890597 0.04456962272524834 1419
1741818891093 0.002594952005892992 1420
1741818891600 0.003167667891830206 1421
1741818892096 0.006213205400854349 1422
1741818892631 0.009337246417999268 1423
1741818893138 0.011563817970454693 1424
1741818893649 0.012835550121963024 1425
1741818894153 0.003042234107851982 1426
1741818894672 0.0030192863196134567 1427
1741818895185 0.01731172204017639 1428
1741818895681 0.03852248191833496 1429
1741818895743 0.0004049789276905358 1430
1741818896248 0.01212967000901699 1431
1741818896738 0.014149491675198078 1432
1741818897229 0.009405932389199734 1433
1741818897718 0.0031172726303339005 1434
1741818898223 0.021138936281204224 1435
1741818898725 0.009570497088134289 1436
1741818899221 0.001030228566378355 1437
1741818899725 0.011212564073503017 1438
1741818900230 0.018574204295873642 1439
1741818900729 0.00802415981888771 1440
1741818901241 0.008085986599326134 1441
1741818901725 0.006739841774106026 1442
1741818902214 0.010774146765470505 1443
1741818902709 0.0048886132426559925 1444
1741818903212 0.003772775176912546 1445
1741818903710 0.009971250779926777 1446
1741818904203 0.023500211536884308 1447
1741818904686 0.008153600618243217 1448
1741818905178 0.007685915566980839 1449
1741818905650 0.011922414414584637 1450
1741818906147 0.004402903374284506 1451
1741818906641 0.005314481444656849 1452
1741818907124 0.024342339485883713 1453
1741818907612 0.004273849539458752 1454
1741818908095 0.011952921748161316 1455
1741818908576 0.0012392387725412846 1456
1741818908660 0.16424918174743652 1457
1741818909138 0.00396327581256628 1458
1741818909614 0.006699543446302414 1459
1741818910096 0.023118412122130394 1460
1741818910587 0.004777499940246344 1461
1741818911095 0.01007255632430315 1462
1741818911586 0.008545612916350365 1463
1741818912065 0.013993442058563232 1464
1741818912545 0.009379568509757519 1465
1741818913016 0.004256484564393759 1466
1741818913491 0.004406067077070475 1467
1741818913969 0.03297043964266777 1468
1741818914448 0.023829203099012375 1469
1741818914928 0.008389201015233994 1470
1741818915418 0.018226925283670425 1471
1741818915898 0.010509826242923737 1472
1741818916384 0.008760714903473854 1473
1741818916865 0.011698901653289795 1474
1741818917348 0.009793953970074654 1475
1741818917822 0.007451385725289583 1476
1741818918312 0.012648211792111397 1477
1741818918790 0.019017647951841354 1478
1741818919272 0.0046760267578065395 1479
1741818919752 0.005692538805305958 1480
1741818920249 0.0048078265972435474 1481
1741818920731 0.00940751563757658 1482
1741818921224 0.013418039306998253 1483
1741818921285 0.00012974206765647978 1484
1741818921772 0.007192438468337059 1485
1741818922277 0.011813650839030743 1486
1741818922765 0.0034077735617756844 1487
1741818923273 0.011983204632997513 1488
1741818923765 0.006658699829131365 1489
1741818924254 0.02342033013701439 1490
1741818924740 0.0036027724854648113 1491
1741818925229 0.00297226058319211 1492
1741818925719 0.0041154660284519196 1493
1741818926205 0.006116000935435295 1494
1741818926697 0.017208890989422798 1495
1741818927181 0.010983416810631752 1496
1741818927670 0.003846042323857546 1497
1741818928148 0.06609228253364563 1498
1741818928639 0.009271282702684402 1499
1741818934548 0.012889478355646133 1500
1741818935031 0.0033130752854049206 1501
1741818935511 0.006158777512609959 1502
1741818935992 0.00880475528538227 1503
1741818936477 0.012614666484296322 1504
1741818936973 0.011492791585624218 1505
1741818937476 0.00927969440817833 1506
1741818937956 0.00794600322842598 1507
1741818938451 0.010962609201669693 1508
1741818938933 0.011812055483460426 1509
1741818939419 0.0057935528457164764 1510
1741818939504 0.004672451410442591 1511
1741818939984 0.004719637334346771 1512
1741818940461 0.008488846011459827 1513
1741818940944 0.013001172803342342 1514
1741818941435 0.010298892855644226 1515
1741818941920 0.010929246433079243 1516
1741818942419 0.011634508147835732 1517
1741818942906 0.011787689290940762 1518
1741818943400 0.006514601409435272 1519
1741818943882 0.008581461384892464 1520
1741818944379 0.00422297790646553 1521
1741818944858 0.004172913730144501 1522
1741818945340 0.013816218823194504 1523
1741818945822 0.01421594899147749 1524
1741818946313 0.012082652188837528 1525
1741818946791 0.002770297462120652 1526
1741818947269 0.01010872982442379 1527
1741818947750 0.0036740184295922518 1528
1741818948256 0.010177750140428543 1529
1741818948739 0.01616627350449562 1530
1741818949235 0.004622675944119692 1531
1741818949713 0.0037426690105348825 1532
1741818950198 0.008868682198226452 1533
1741818950678 0.00797465443611145 1534
1741818951161 0.003337877569720149 1535
1741818951656 0.013113496825098991 1536
1741818952150 0.0071586379781365395 1537
1741818952211 8.569140481995419e-05 1538
1741818952693 0.006804240867495537 1539
1741818953181 0.005356333218514919 1540
1741818953683 0.02133253961801529 1541
1741818954194 0.014255241490900517 1542
1741818954707 0.006813827436417341 1543
1741818955216 0.017571868374943733 1544
1741818955706 0.006521263159811497 1545
1741818956203 0.009198931977152824 1546
1741818956702 0.007217720150947571 1547
1741818957194 0.01133946143090725 1548
1741818957696 0.008829648606479168 1549
1741818958198 0.005364557728171349 1550
1741818958703 0.005449530202895403 1551
1741818959203 0.004409566521644592 1552
1741818959697 0.004860959015786648 1553
1741818960196 0.004980963189154863 1554
1741818960694 0.003148860763758421 1555
1741818961197 0.00625288300216198 1556
1741818961699 0.007563411723822355 1557
1741818962199 0.011102074757218361 1558
1741818962699 0.01211471576243639 1559
1741818963199 0.005642682779580355 1560
1741818963695 0.016535330563783646 1561
1741818964198 0.004262952134013176 1562
1741818964699 0.011836487799882889 1563
1741818965200 0.006720154546201229 1564
1741818965286 0.005294213071465492 1565
1741818965780 0.0074012018740177155 1566
1741818966278 0.0052599674090743065 1567
1741818966775 0.004840510431677103 1568
1741818967273 0.005699316039681435 1569
1741818967767 0.0033179917372763157 1570
1741818968265 0.010666193440556526 1571
1741818968770 0.007032865658402443 1572
1741818969258 0.005683384370058775 1573
1741818969739 0.0046010492369532585 1574
1741818970225 0.009943187236785889 1575
1741818970707 0.004137478768825531 1576
1741818971201 0.005685594864189625 1577
1741818971682 0.0029429139103740454 1578
1741818972177 0.002875955542549491 1579
1741818972663 0.0014927225420251489 1580
1741818973146 0.007735955063253641 1581
1741818973632 0.018523067235946655 1582
1741818974117 0.015100318938493729 1583
1741818974599 0.016260990872979164 1584
1741818975084 0.006915478501468897 1585
1741818975566 0.004861707333475351 1586
1741818976050 0.0062673380598425865 1587
1741818976534 0.005007818806916475 1588
1741818977028 0.002283029956743121 1589
1741818977535 0.01565185934305191 1590
1741818978033 0.0037586933467537165 1591
1741818978094 0.00011864650878123939 1592
1741818978596 0.014984010718762875 1593
1741818979095 0.012528186663985252 1594
1741818979604 0.00251678004860878 1595
1741818980107 0.001885092118754983 1596
1741818980613 0.009579675272107124 1597
1741818981121 0.013252578675746918 1598
1741818981627 0.005813476629555225 1599
1741818987943 0.012610367499291897 1600
1741818988447 0.011541053652763367 1601
1741818988949 0.003969267010688782 1602
1741818989451 0.014628448523581028 1603
1741818989957 0.0009384815348312259 1604
1741818990457 0.006467162631452084 1605
1741818990957 0.002583339111879468 1606
1741818991448 0.004732885397970676 1607
1741818991927 0.005129889585077763 1608
1741818992412 0.005237273871898651 1609
1741818992893 0.011012693867087364 1610
1741818993379 0.012774230912327766 1611
1741818993883 0.013986334204673767 1612
1741818994398 0.010935835540294647 1613
1741818994909 0.021024242043495178 1614
1741818995413 0.003873374778777361 1615
1741818995918 0.018878482282161713 1616
1741818996429 0.009269475936889648 1617
1741818996945 0.005464059300720692 1618
1741818997041 0.010895508341491222 1619
1741818997555 0.021479744464159012 1620
1741818998062 0.002269431948661804 1621
1741818998579 0.0029044747352600098 1622
1741818999095 0.007925396785140038 1623
1741818999610 0.007624473422765732 1624
1741819000120 0.005886648781597614 1625
1741819000622 0.004515967331826687 1626
1741819001128 0.022363511845469475 1627
1741819001627 0.00613754615187645 1628
1741819002126 0.0027094641700387 1629
1741819002637 0.015315979719161987 1630
1741819003173 0.022137586027383804 1631
1741819003689 0.006131779868155718 1632
1741819004205 0.12213732302188873 1633
1741819004726 0.003850133391097188 1634
1741819005244 0.008219331502914429 1635
1741819005747 0.008664516732096672 1636
1741819006236 0.0076283980160951614 1637
1741819006717 0.010619078762829304 1638
1741819007198 0.007325087673962116 1639
1741819007680 0.011312531307339668 1640
1741819008170 0.008977128192782402 1641
1741819008692 0.011964458972215652 1642
1741819009177 0.006394531577825546 1643
1741819009653 0.0038717053830623627 1644
1741819010133 0.014935546554625034 1645
1741819010193 0.00032329210080206394 1646
1741819010674 0.01000532042235136 1647
1741819011153 0.0026957765221595764 1648
1741819011628 0.010691024363040924 1649
1741819012114 0.004163785371929407 1650
1741819012587 0.02150450274348259 1651
1741819013083 0.01733454130589962 1652
1741819013562 0.006346396170556545 1653
1741819014041 0.020825818181037903 1654
1741819014519 0.00789154414087534 1655
1741819015001 0.011575310491025448 1656
1741819015491 0.0067544253543019295 1657
1741819015984 0.007355319336056709 1658
1741819016470 0.012290345504879951 1659
1741819016970 0.012495709583163261 1660
1741819017487 0.003102510003373027 1661
1741819018004 0.01597783714532852 1662
1741819018515 0.008388770744204521 1663
1741819019020 0.014195064082741737 1664
1741819019539 0.0019028983078897 1665
1741819020044 0.009186879731714725 1666
1741819020552 0.006442581303417683 1667
1741819021056 0.008916744031012058 1668
1741819021565 0.014783302322030067 1669
1741819022102 0.00853746011853218 1670
1741819022608 0.020817119628190994 1671
1741819023117 0.011790093034505844 1672
1741819023206 0.00588443735614419 1673
1741819023715 0.00445275055244565 1674
1741819024232 0.0021996155846863985 1675
1741819024732 0.006185014732182026 1676
1741819025245 0.010854889638721943 1677
1741819025751 0.008450712077319622 1678
1741819026271 0.0032590851187705994 1679
1741819026777 0.03299776464700699 1680
1741819027286 0.015946129336953163 1681
1741819027793 0.015540693886578083 1682
1741819028301 0.00429759593680501 1683
1741819028813 0.005095795262604952 1684
1741819029328 0.004135949537158012 1685
1741819029829 0.011935422196984291 1686
1741819030343 0.010312569327652454 1687
1741819030847 0.010127119719982147 1688
1741819031348 0.0028176591731607914 1689
1741819031855 0.0035253246314823627 1690
1741819032367 0.01122516393661499 1691
1741819032871 0.003788322675973177 1692
1741819033380 0.004416313953697681 1693
1741819033884 0.0037431134842336178 1694
1741819034385 0.008035627193748951 1695
1741819034890 0.006416124291718006 1696
1741819035404 0.013209770433604717 1697
1741819035917 0.0013084611855447292 1698
1741819036427 0.0034675721544772387 1699
1741819042278 0.00013066906831227243 1700
1741819042790 0.005487189628183842 1701
1741819043292 0.006140199489891529 1702
1741819043792 0.024464141577482224 1703
1741819044295 0.00447613513097167 1704
1741819044799 0.009860478341579437 1705
1741819045307 0.0013226809678599238 1706
1741819045809 0.0053390804678201675 1707
1741819046309 0.012389213778078556 1708
1741819046818 0.0035814985167235136 1709
1741819047326 0.009071492590010166 1710
1741819047822 0.0044789994135499 1711
1741819048320 0.008803361095488071 1712
1741819048806 0.006788034923374653 1713
1741819049298 0.006924740970134735 1714
1741819049798 0.016625959426164627 1715
1741819050293 0.004695726092904806 1716
1741819050784 0.0036538077984005213 1717
1741819051280 0.016272248700261116 1718
1741819051768 0.008402099832892418 1719
1741819052258 0.004928908310830593 1720
1741819052748 0.008827000856399536 1721
1741819053242 0.01686464436352253 1722
1741819053735 0.005151078104972839 1723
1741819054226 0.010009735822677612 1724
1741819054717 0.007966711185872555 1725
1741819055224 0.015145213343203068 1726
1741819055307 0.01829858496785164 1727
1741819055784 0.005043209530413151 1728
1741819056268 0.013789186254143715 1729
1741819056749 0.017215264961123466 1730
1741819057259 0.009632830508053303 1731
1741819057739 0.004708105698227882 1732
1741819058224 0.005606317427009344 1733
1741819058701 0.002921558916568756 1734
1741819059191 0.0012283828109502792 1735
1741819059672 0.008526768535375595 1736
1741819060160 0.014450612477958202 1737
1741819060638 0.0029922276735305786 1738
1741819061137 0.0025207805447280407 1739
1741819061629 0.0010807517683133483 1740
1741819062112 0.005474436562508345 1741
1741819062589 0.004794012755155563 1742
1741819063065 0.007015552371740341 1743
1741819063544 0.009066635742783546 1744
1741819064028 0.009430143982172012 1745
1741819064507 0.004708996973931789 1746
1741819065000 0.016001436859369278 1747
1741819065483 0.006945454981178045 1748
1741819065973 0.007930297404527664 1749
1741819066472 0.010979566723108292 1750
1741819066977 0.0023812521249055862 1751
1741819067475 0.005625500809401274 1752
1741819067972 0.0042018829844892025 1753
1741819068034 0.0005435237544588745 1754
1741819068534 0.0031110718846321106 1755
1741819069041 0.01026452612131834 1756
1741819069521 0.002739794086664915 1757
1741819070003 0.00748864933848381 1758
1741819070488 0.005819739308208227 1759
1741819070971 0.015022248961031437 1760
1741819071459 0.00867824349552393 1761
1741819071940 0.005632290616631508 1762
1741819072445 0.015547983348369598 1763
1741819072944 0.005824001971632242 1764
1741819073426 0.013828018680214882 1765
1741819073907 0.005676518194377422 1766
1741819074400 0.011260122060775757 1767
1741819074877 0.011216853745281696 1768
1741819075367 0.006221807561814785 1769
1741819075862 0.014375640079379082 1770
1741819076341 0.007578973658382893 1771
1741819076823 0.0058018723502755165 1772
1741819077308 0.005123848561197519 1773
1741819077790 0.00857230182737112 1774
1741819078293 0.007479296997189522 1775
1741819078817 0.0059071010909974575 1776
1741819079340 0.005628637038171291 1777
1741819079858 0.006854962557554245 1778
1741819080342 0.003967133350670338 1779
1741819080824 0.009955332614481449 1780
1741819080910 0.06658662855625153 1781
1741819081411 0.007773152086883783 1782
1741819081903 0.0022077905014157295 1783
1741819082391 0.00303275347687304 1784
1741819082874 0.006374614778906107 1785
1741819083361 0.0032125685829669237 1786
1741819083851 0.004113216884434223 1787
1741819084333 0.008303355425596237 1788
1741819084819 0.004363636486232281 1789
1741819085316 0.016749121248722076 1790
1741819085807 0.00536272581666708 1791
1741819086303 0.0047390880063176155 1792
1741819086791 0.029674354940652847 1793
1741819087286 0.005636902060359716 1794
1741819087791 0.0034418897703289986 1795
1741819088276 0.005527027416974306 1796
1741819088759 0.0014682295732200146 1797
1741819089245 0.003647812642157078 1798
1741819089732 0.018878571689128876 1799
1741819095834 0.011405549943447113 1800
1741819096331 0.012309771031141281 1801
1741819096828 0.013960834592580795 1802
1741819097322 0.005254583433270454 1803
1741819097800 0.0014747235691174865 1804
1741819098285 0.004169886466115713 1805
1741819098769 0.03653256222605705 1806
1741819099262 0.014390557073056698 1807
1741819099323 0.00010835618013516068 1808
1741819099799 0.008792798966169357 1809
1741819100288 0.011070465669035912 1810
1741819100769 0.002311606192961335 1811
1741819101264 0.015922393649816513 1812
1741819101756 0.013227401301264763 1813
1741819102264 0.00525413965806365 1814
1741819102746 0.005806395784020424 1815
1741819103231 0.01748330518603325 1816
1741819103714 0.001954403705894947 1817
1741819104208 0.008881062269210815 1818
1741819104695 0.004266750067472458 1819
1741819105183 0.004022807348519564 1820
1741819105668 0.009163914248347282 1821
1741819106157 0.010829370468854904 1822
1741819106638 0.019110824912786484 1823
1741819107121 0.0025917780585587025 1824
1741819107604 0.004691634327173233 1825
1741819108101 0.00302897859364748 1826
1741819108584 0.008905887603759766 1827
1741819109081 0.009401104412972927 1828
1741819109576 0.00907590426504612 1829
1741819110058 0.02020910009741783 1830
1741819110542 0.0021480522118508816 1831
1741819111026 0.011240433901548386 1832
1741819111513 0.004967872053384781 1833
1741819111998 0.011860780417919159 1834
1741819112083 0.005086003802716732 1835
1741819112563 0.002408465137705207 1836
1741819113052 0.017404276877641678 1837
1741819113537 0.008155576884746552 1838
1741819114030 0.0032495257910341024 1839
1741819114521 0.013783060014247894 1840
1741819115009 0.010539465583860874 1841
1741819115496 0.005064981058239937 1842
1741819115980 0.0018745299894362688 1843
1741819116465 0.018832245841622353 1844
1741819116950 0.010328715667128563 1845
1741819117439 0.0054844580590724945 1846
1741819117933 0.011074828915297985 1847
1741819118419 0.006081120111048222 1848
1741819118902 0.0024571786634624004 1849
1741819119395 0.014939041808247566 1850
1741819119893 0.007712641265243292 1851
1741819120402 0.014466460794210434 1852
1741819120887 0.02176852896809578 1853
1741819121377 0.0034936952870339155 1854
1741819121859 0.014825798571109772 1855
1741819122349 0.007125568576157093 1856
1741819122836 0.00781896524131298 1857
1741819123334 0.008685355074703693 1858
1741819123819 0.004521544557064772 1859
1741819124315 0.0041346559301018715 1860
1741819124814 0.009096818044781685 1861
1741819124875 0.00015110328968148679 1862
1741819125373 0.004729758948087692 1863
1741819125884 0.014060471206903458 1864
1741819126386 0.009550660848617554 1865
1741819126890 0.00615377863869071 1866
1741819127381 0.0031018126755952835 1867
1741819127876 0.0030361241661012173 1868
1741819128375 0.010295710526406765 1869
1741819128883 0.0037570917047560215 1870
1741819129396 0.0026521384716033936 1871
1741819129888 0.0036567714996635914 1872
1741819130382 0.007429482415318489 1873
1741819130877 0.00802711583673954 1874
1741819131374 0.002681908430531621 1875
1741819131872 0.005022068042308092 1876
1741819132360 0.0071990517899394035 1877
1741819132843 0.004508025012910366 1878
1741819133327 0.0035161497071385384 1879
1741819133810 0.003991822246462107 1880
1741819134303 0.008069520816206932 1881
1741819134803 0.005251768510788679 1882
1741819135299 0.007373069878667593 1883
1741819135793 0.008546865545213223 1884
1741819136280 0.002444941084831953 1885
1741819136763 0.004400625359266996 1886
1741819137255 0.012159028090536594 1887
1741819137762 0.006273238454014063 1888
1741819137848 0.006407607812434435 1889
1741819138343 0.005642500706017017 1890
1741819138826 0.0051891375333070755 1891
1741819139313 0.006582325324416161 1892
1741819139796 0.01188268419355154 1893
1741819140283 0.009196443483233452 1894
1741819140766 0.01463851984590292 1895
1741819141252 0.002766558900475502 1896
1741819141750 0.0031651477329432964 1897
1741819142242 0.0033576120622456074 1898
1741819142723 0.006142728496342897 1899
1741819148671 0.01480770856142044 1900
1741819149150 0.0015261080116033554 1901
1741819149627 0.006724697537720203 1902
1741819150110 0.0028296394739300013 1903
1741819150590 0.005567175801843405 1904
1741819151073 0.001561337267048657 1905
1741819151551 0.007335656322538853 1906
1741819152030 0.0031717410311102867 1907
1741819152511 0.009003940969705582 1908
1741819152989 0.006077088415622711 1909
1741819153475 0.005464605987071991 1910
1741819153967 0.009515075013041496 1911
1741819154454 0.004235776141285896 1912
1741819154936 0.004196505062282085 1913
1741819155426 0.0057166870683431625 1914
1741819155919 0.002554449252784252 1915
1741819155980 8.726213127374649e-05 1916
1741819156459 0.01311537530273199 1917
1741819156944 0.006212553009390831 1918
1741819157430 0.00990378949791193 1919
1741819157913 0.012211748398840427 1920
1741819158403 0.003821718506515026 1921
1741819158882 0.001880162162706256 1922
1741819159375 0.010082229971885681 1923
1741819159853 0.02550525963306427 1924
1741819160344 0.006088680122047663 1925
1741819160827 0.0167371965944767 1926
1741819161324 0.0036392442416399717 1927
1741819161807 0.005304076708853245 1928
1741819162301 0.010869810357689857 1929
1741819162791 0.009401265531778336 1930
1741819163278 0.005135843995958567 1931
1741819163770 0.007499275729060173 1932
1741819164266 0.00856354832649231 1933
1741819164775 0.008229995146393776 1934
1741819165289 0.00535430945456028 1935
1741819165795 0.005200599320232868 1936
1741819166297 0.007760964334011078 1937
1741819166787 0.00436145206913352 1938
1741819167278 0.00608623493462801 1939
1741819167772 0.015146023593842983 1940
1741819168274 0.006087928079068661 1941
1741819168760 0.007372785359621048 1942
1741819168843 0.012321132235229015 1943
1741819169331 0.013715378008782864 1944
1741819169813 0.012405232526361942 1945
1741819170296 0.0055077215656638145 1946
1741819170786 0.009437089785933495 1947
1741819171277 0.0222841314971447 1948
1741819171766 0.004725131671875715 1949
1741819172266 0.010910890065133572 1950
1741819172754 0.0028964774683117867 1951
1741819173251 0.00654570059850812 1952
1741819173744 0.0021369196474552155 1953
1741819174237 0.0022214630153030157 1954
1741819174720 0.016024593263864517 1955
1741819175228 0.008358127437531948 1956
1741819175736 0.00413789926096797 1957
1741819176248 0.016624385491013527 1958
1741819176753 0.006744499318301678 1959
1741819177265 0.0071431961841881275 1960
1741819177770 0.014397544786334038 1961
1741819178281 0.0042732274159789085 1962
1741819178787 0.004783067386597395 1963
1741819179304 0.006686011329293251 1964
1741819179835 0.010997757315635681 1965
1741819180349 0.008537139743566513 1966
1741819180847 0.0011674538254737854 1967
1741819181354 0.010005034506320953 1968
1741819181862 0.007271071895956993 1969
1741819181924 9.039061842486262e-05 1970
1741819182430 0.0033079530112445354 1971
1741819182933 0.005587408319115639 1972
1741819183457 0.004088397137820721 1973
1741819183967 0.009344776161015034 1974
1741819184475 0.02126152627170086 1975
1741819184984 0.013840951025485992 1976
1741819185503 0.005108406767249107 1977
1741819186014 0.00930299423635006 1978
1741819186514 0.00437752204015851 1979
1741819187020 0.00556825939565897 1980
1741819187520 0.094765305519104 1981
1741819188014 0.010257144458591938 1982
1741819188511 0.00544910179451108 1983
1741819189006 0.007378230337053537 1984
1741819189514 0.005863534286618233 1985
1741819190018 0.0058507430367171764 1986
1741819190526 0.011255409568548203 1987
1741819191048 0.002906303619965911 1988
1741819191666 0.005084132310003042 1989
1741819192248 0.015321977436542511 1990
1741819192807 0.0054060425609350204 1991
1741819193392 0.0044899289496243 1992
1741819193950 0.021313341334462166 1993
1741819194510 0.00542093999683857 1994
1741819195107 0.008514031767845154 1995
1741819195676 0.0039761243388056755 1996
1741819195806 0.0134945223107934 1997
1741819196412 0.00323606189340353 1998
1741819197027 0.008117700926959515 1999
