1741818032958 0.4227703809738159 0
1741818033860 0.4026211202144623 1
1741818034874 0.3936803936958313 2
1741818035816 0.37014439702033997 3
1741818036728 0.35572728514671326 4
1741818037725 0.33177265524864197 5
1741818038394 0.3129362463951111 6
1741818039003 0.2992939352989197 7
1741818039614 0.28058019280433655 8
1741818040224 0.27088943123817444 9
1741818040812 0.245745450258255 10
1741818042004 0.24034610390663147 11
1741818042812 0.22129574418067932 12
1741818043559 0.21199700236320496 13
1741818044283 0.19815494120121002 14
1741818044901 0.1785348653793335 15
1741818045548 0.16858522593975067 16
1741818046256 0.16016145050525665 17
1741818046890 0.14846375584602356 18
1741818047694 0.1431446522474289 19
1741818048506 0.1312481015920639 20
1741818049333 0.11813393235206604 21
1741818050148 0.11634975671768188 22
1741818050996 0.1027337983250618 23
1741818051797 0.10156175494194031 24
1741818052724 0.09730325639247894 25
1741818052893 0.07976441085338593 26
1741818053716 0.08621841669082642 27
1741818054539 0.07386556267738342 28
1741818055382 0.06801307946443558 29
1741818056286 0.0684429481625557 30
1741818057104 0.06058131530880928 31
1741818057949 0.07755893468856812 32
1741818058815 0.05225532129406929 33
1741818059663 0.06277546286582947 34
1741818060486 0.05440835654735565 35
1741818061287 0.05781099945306778 36
1741818062195 0.05092822015285492 37
1741818063029 0.034544602036476135 38
1741818063706 0.08751112222671509 39
1741818064336 0.04179487004876137 40
1741818064969 0.06172369420528412 41
1741818065570 0.043214861303567886 42
1741818066163 0.045022085309028625 43
1741818066763 0.043199487030506134 44
1741818067363 0.04622134566307068 45
1741818068016 0.035450324416160583 46
1741818068621 0.0382082462310791 47
1741818069223 0.03026478923857212 48
1741818069836 0.03429681435227394 49
1741818070457 0.03425849229097366 50
1741818071030 0.030595846474170685 51
1741818071625 0.02905607409775257 52
1741818071745 0.274698942899704 53
1741818072364 0.04674675688147545 54
1741818072998 0.03877070173621178 55
1741818073643 0.07998721301555634 56
1741818074267 0.045426301658153534 57
1741818074872 0.04805520921945572 58
1741818075487 0.043818794190883636 59
1741818076096 0.03679117187857628 60
1741818076707 0.0316980816423893 61
1741818077319 0.03707656264305115 62
1741818077925 0.023420680314302444 63
1741818078535 0.02814214862883091 64
1741818079161 0.03113405779004097 65
1741818079778 0.03179782256484032 66
1741818080414 0.03662213310599327 67
1741818081037 0.024347804486751556 68
1741818081625 0.03193479776382446 69
1741818082223 0.03347868472337723 70
1741818082836 0.03446023911237717 71
1741818083435 0.022348910570144653 72
1741818084041 0.033146657049655914 73
1741818084646 0.020651843398809433 74
1741818085246 0.05147138983011246 75
1741818085858 0.027263376861810684 76
1741818086434 0.026055360212922096 77
1741818087037 0.02323135919868946 78
1741818087638 0.02234356850385666 79
1741818087723 0.011205291375517845 80
1741818088341 0.036602120846509933 81
1741818088960 0.022285306826233864 82
1741818089565 0.03053021803498268 83
1741818090157 0.029661472886800766 84
1741818090767 0.03104548156261444 85
1741818091382 0.030808700248599052 86
1741818092000 0.0313001349568367 87
1741818092618 0.029330451041460037 88
1741818093225 0.023789452388882637 89
1741818093858 0.02050735615193844 90
1741818094463 0.03139457106590271 91
1741818095067 0.023732390254735947 92
1741818095670 0.015653938055038452 93
1741818096264 0.02539716847240925 94
1741818096908 0.01591835729777813 95
1741818097547 0.021227912977337837 96
1741818098164 0.07418697327375412 97
1741818098779 0.018222540616989136 98
1741818099363 0.029603097587823868 99
1741818111218 0.022729020565748215 100
1741818112002 0.021284785121679306 101
1741818112892 0.022717973217368126 102
1741818113707 0.022246742621064186 103
1741818114500 0.034072354435920715 104
1741818115334 0.03481222689151764 105
1741818116240 0.02226051688194275 106
1741818116459 0.01850022003054619 107
1741818117296 0.021680571138858795 108
1741818118345 0.02063976228237152 109
1741818119246 0.025402234867215157 110
1741818120108 0.023755909875035286 111
1741818120963 0.044362105429172516 112
1741818121870 0.024627070873975754 113
1741818122641 0.033457521349191666 114
1741818123446 0.023050880059599876 115
1741818124270 0.026997167617082596 116
1741818125100 0.020188355818390846 117
1741818125909 0.028240397572517395 118
1741818126704 0.018988285213708878 119
1741818127499 0.01787484996020794 120
1741818128302 0.03457207977771759 121
1741818129128 0.019044721499085426 122
1741818129950 0.02614467218518257 123
1741818130762 0.017885474488139153 124
1741818131522 0.02377229928970337 125
1741818132343 0.01505851186811924 126
1741818133236 0.025172490626573563 127
1741818134062 0.025752831250429153 128
1741818134819 0.029612120240926743 129
1741818135609 0.016750140115618706 130
1741818136442 0.03010692447423935 131
1741818137199 0.024071641266345978 132
1741818137974 0.02229980379343033 133
1741818138067 0.0055968561209738255 134
1741818138835 0.015001161955296993 135
1741818139630 0.019609112292528152 136
1741818140513 0.023367203772068024 137
1741818141311 0.01724926568567753 138
1741818142098 0.023982565850019455 139
1741818142922 0.02556551992893219 140
1741818143625 0.021829118952155113 141
1741818144217 0.02013637125492096 142
1741818144798 0.02433786168694496 143
1741818145374 0.027820942923426628 144
1741818145952 0.01527615636587143 145
1741818146542 0.02356383390724659 146
1741818147125 0.014459006488323212 147
1741818147704 0.01952061988413334 148
1741818148291 0.02318795584142208 149
1741818148873 0.021638689562678337 150
1741818149442 0.02459188550710678 151
1741818150032 0.019948096945881844 152
1741818150645 0.02195742353796959 153
1741818151225 0.024335067719221115 154
1741818151820 0.013182641007006168 155
1741818152401 0.018027395009994507 156
1741818152967 0.012604286894202232 157
1741818153557 0.01940949261188507 158
1741818154145 0.015860045328736305 159
1741818154721 0.013407046906650066 160
1741818154834 0.03496043011546135 161
1741818155404 0.023988038301467896 162
1741818155976 0.014602774754166603 163
1741818156610 0.02516353502869606 164
1741818157166 0.009661965072154999 165
1741818157741 0.021485641598701477 166
1741818158320 0.013797620311379433 167
1741818158905 0.020255085080862045 168
1741818159497 0.013572465628385544 169
1741818160080 0.02323237434029579 170
1741818160664 0.024425450712442398 171
1741818161238 0.010908663272857666 172
1741818161824 0.028549954295158386 173
1741818162425 0.031157556921243668 174
1741818163006 0.02787136659026146 175
1741818163582 0.019202860072255135 176
1741818164158 0.024134092032909393 177
1741818164734 0.018235962837934494 178
1741818165305 0.03023001179099083 179
1741818165880 0.025904767215251923 180
1741818166444 0.020772092044353485 181
1741818167009 0.04363986849784851 182
1741818167598 0.026858322322368622 183
1741818168167 0.024723265320062637 184
1741818168737 0.01514805480837822 185
1741818169324 0.01942466013133526 186
1741818169890 0.020587699487805367 187
1741818169959 0.005871130153536797 188
1741818170540 0.05467396229505539 189
1741818171123 0.01933022402226925 190
1741818171696 0.02542714774608612 191
1741818172273 0.03838951140642166 192
1741818172871 0.02377237193286419 193
1741818173437 0.05271157622337341 194
1741818174016 0.02060503512620926 195
1741818174606 0.02914503775537014 196
1741818175198 0.040938280522823334 197
1741818175797 0.02737615257501602 198
1741818176374 0.01342690084129572 199
1741818187609 0.026433028280735016 200
1741818188391 0.014262400567531586 201
1741818189191 0.028206292539834976 202
1741818189980 0.029399245977401733 203
1741818190808 0.021006658673286438 204
1741818191624 0.019065458327531815 205
1741818192407 0.02453632280230522 206
1741818193212 0.02350381761789322 207
1741818194032 0.016688017174601555 208
1741818194816 0.022495443001389503 209
1741818195637 0.0303127933293581 210
1741818196465 0.04131944850087166 211
1741818197270 0.024960873648524284 212
1741818198080 0.02403159812092781 213
1741818198883 0.033806756138801575 214
1741818199091 0.020787712186574936 215
1741818199881 0.04785807803273201 216
1741818200749 0.016639139503240585 217
1741818201548 0.0280134454369545 218
1741818202353 0.019807565957307816 219
1741818203167 0.03110191598534584 220
1741818203986 0.01852189563214779 221
1741818204801 0.02646489068865776 222
1741818205610 0.009909084066748619 223
1741818206429 0.021659133955836296 224
1741818207236 0.019273653626441956 225
1741818208031 0.025138329714536667 226
1741818208867 0.0203163530677557 227
1741818209665 0.026192501187324524 228
1741818210437 0.027314379811286926 229
1741818211295 0.023155177012085915 230
1741818212051 0.01613418571650982 231
1741818212782 0.014799656346440315 232
1741818213545 0.04034438356757164 233
1741818214330 0.015887537971138954 234
1741818215128 0.023121651262044907 235
1741818215871 0.024985549971461296 236
1741818216599 0.030578553676605225 237
1741818217402 0.018731022253632545 238
1741818218164 0.023724481463432312 239
1741818218940 0.011740067042410374 240
1741818219494 0.015409747138619423 241
1741818219563 0.008645327761769295 242
1741818220141 0.009897012263536453 243
1741818220703 0.022692229598760605 244
1741818221251 0.01238277554512024 245
1741818221814 0.030535556375980377 246
1741818222378 0.028927359730005264 247
1741818222953 0.01300772000104189 248
1741818223506 0.02671949379146099 249
1741818224095 0.0334678590297699 250
1741818224667 0.010702514089643955 251
1741818225241 0.026419874280691147 252
1741818225804 0.03293507173657417 253
1741818226384 0.012559277005493641 254
1741818226944 0.009638478979468346 255
1741818227537 0.013326364569365978 256
1741818228114 0.030449511483311653 257
1741818228700 0.0197003073990345 258
1741818229275 0.02606581337749958 259
1741818229862 0.02577996999025345 260
1741818230440 0.025464355945587158 261
1741818231062 0.027702365070581436 262
1741818231639 0.010737852193415165 263
1741818232233 0.02753204107284546 264
1741818232827 0.014840753749012947 265
1741818233395 0.03445345535874367 266
1741818233962 0.027978070080280304 267
1741818234513 0.010772744193673134 268
1741818234616 0.006357794161885977 269
1741818235186 0.027003735303878784 270
1741818235765 0.019082849845290184 271
1741818236343 0.02595476433634758 272
1741818236988 0.024190964177250862 273
1741818237574 0.01676209643483162 274
1741818238136 0.02811802178621292 275
1741818238702 0.022805683314800262 276
1741818239279 0.02932542748749256 277
1741818239858 0.022198695689439774 278
1741818240443 0.020456312224268913 279
1741818241044 0.023172728717327118 280
1741818241671 0.02175590582191944 281
1741818242322 0.02148246020078659 282
1741818242999 0.007999141700565815 283
1741818243647 0.024144772440195084 284
1741818244267 0.025853890925645828 285
1741818244847 0.01702154241502285 286
1741818245443 0.014874194748699665 287
1741818246051 0.024048713967204094 288
1741818246648 0.015320965088903904 289
1741818247243 0.018354514613747597 290
1741818247838 0.0348818264901638 291
1741818248414 0.017143970355391502 292
1741818249010 0.011037255637347698 293
1741818249615 0.017715901136398315 294
1741818250212 0.02426367625594139 295
1741818250283 0.0081369299441576 296
1741818250887 0.019303925335407257 297
1741818251489 0.024783071130514145 298
1741818252085 0.027615457773208618 299
1741818262942 0.01550951786339283 300
1741818263753 0.01961127296090126 301
1741818264548 0.02020569145679474 302
1741818265335 0.021054916083812714 303
1741818266127 0.024497944861650467 304
1741818266900 0.023138608783483505 305
1741818267709 0.023958517238497734 306
1741818268627 0.014315075241029263 307
1741818269434 0.02116626314818859 308
1741818270306 0.019833266735076904 309
1741818271097 0.015242242254316807 310
1741818271909 0.021798070520162582 311
1741818272730 0.02834397368133068 312
1741818273580 0.02121240831911564 313
1741818274410 0.013185261748731136 314
1741818275233 0.0115333441644907 315
1741818276042 0.00878512766212225 316
1741818276816 0.017055336385965347 317
1741818277669 0.03718825429677963 318
1741818278497 0.024602143093943596 319
1741818279325 0.02904660627245903 320
1741818280095 0.03133499249815941 321
1741818280896 0.01825590431690216 322
1741818281070 0.033489931374788284 323
1741818281879 0.026966789737343788 324
1741818282693 0.024978086352348328 325
1741818283553 0.025969896465539932 326
1741818284335 0.018988611176609993 327
1741818285130 0.016465485095977783 328
1741818285923 0.016321128234267235 329
1741818286764 0.018278848379850388 330
1741818287560 0.013400087133049965 331
1741818288358 0.025714941322803497 332
1741818289138 0.02143039181828499 333
1741818289930 0.012679839506745338 334
1741818290663 0.015334615483880043 335
1741818291436 0.012082802131772041 336
1741818292229 0.009678461588919163 337
1741818293062 0.023961372673511505 338
1741818293848 0.026384413242340088 339
1741818294628 0.014377254992723465 340
1741818295409 0.02036895789206028 341
1741818296023 0.021650299429893494 342
1741818296621 0.013208680786192417 343
1741818297213 0.016133993864059448 344
1741818297802 0.020400522276759148 345
1741818298439 0.015290694311261177 346
1741818299022 0.0067812250927090645 347
1741818299623 0.01665334403514862 348
1741818300226 0.0515187531709671 349
1741818300294 0.004418510477989912 350
1741818300888 0.03992462158203125 351
1741818301479 0.02344673126935959 352
1741818302081 0.01491386629641056 353
1741818302674 0.018303891643881798 354
1741818303264 0.034235961735248566 355
1741818303855 0.024703284725546837 356
1741818304441 0.023856457322835922 357
1741818305040 0.041912712156772614 358
1741818305625 0.025297651067376137 359
1741818306194 0.024155935272574425 360
1741818306764 0.018940221518278122 361
1741818307348 0.02385655790567398 362
1741818307944 0.01865834929049015 363
1741818308543 0.016896050423383713 364
1741818309125 0.023649055510759354 365
1741818309726 0.022907892242074013 366
1741818310319 0.01778707467019558 367
1741818310924 0.02931084856390953 368
1741818311521 0.012380082160234451 369
1741818312120 0.012587493285536766 370
1741818312715 0.01019727997481823 371
1741818313302 0.015171178616583347 372
1741818313898 0.017484094947576523 373
1741818314463 0.01425106916576624 374
1741818315029 0.020128652453422546 375
1741818315618 0.01587514393031597 376
1741818315731 0.07111714780330658 377
1741818316320 0.023673612624406815 378
1741818316917 0.015693966299295425 379
1741818317507 0.015448572114109993 380
1741818318087 0.036989204585552216 381
1741818318664 0.016631733626127243 382
1741818319236 0.029737675562500954 383
1741818319864 0.019120700657367706 384
1741818320443 0.0176620502024889 385
1741818321020 0.02746972069144249 386
1741818321619 0.014183692634105682 387
1741818322222 0.01471269316971302 388
1741818322824 0.05026165395975113 389
1741818323399 0.018056059256196022 390
1741818323988 0.017811661586165428 391
1741818324551 0.013622861355543137 392
1741818325146 0.02079077810049057 393
1741818325746 0.010014702565968037 394
1741818326324 0.019709819927811623 395
1741818326896 0.022696353495121002 396
1741818327516 0.023370973765850067 397
1741818328125 0.023566266521811485 398
1741818328748 0.028212517499923706 399
1741818339121 0.017119668424129486 400
1741818339932 0.0165096428245306 401
1741818340759 0.027223441749811172 402
1741818341530 0.026847777888178825 403
1741818341627 0.0026914551854133606 404
1741818342431 0.014271793887019157 405
1741818343275 0.013275813311338425 406
1741818344096 0.02094397507607937 407
1741818344911 0.023320645093917847 408
1741818345746 0.015149882063269615 409
1741818346668 0.020835140720009804 410
1741818347591 0.022955795750021935 411
1741818348717 0.026134315878152847 412
1741818349900 0.008648481220006943 413
1741818350887 0.02366628870368004 414
1741818351882 0.015263806097209454 415
1741818353099 0.018301647156476974 416
1741818354115 0.014276317320764065 417
1741818355140 0.022072166204452515 418
1741818356159 0.031011566519737244 419
1741818357106 0.00809597596526146 420
1741818357631 0.018162749707698822 421
1741818358104 0.011264277622103691 422
1741818358580 0.010901693254709244 423
1741818359053 0.016636492684483528 424
1741818359529 0.010194637812674046 425
1741818360003 0.024995706975460052 426
1741818360495 0.011764690279960632 427
1741818360988 0.014437548816204071 428
1741818361467 0.01671266369521618 429
1741818361946 0.014052676036953926 430
1741818362035 0.018819401040673256 431
1741818362507 0.019079793244600296 432
1741818362987 0.016649264842271805 433
1741818363467 0.01162906177341938 434
1741818363955 0.02339746057987213 435
1741818364426 0.009175499901175499 436
1741818364913 0.018930889666080475 437
1741818365414 0.012261558324098587 438
1741818365888 0.020100809633731842 439
1741818366373 0.013846098445355892 440
1741818366844 0.027642451226711273 441
1741818367327 0.027712475508451462 442
1741818367804 0.006669990718364716 443
1741818368302 0.024250328540802002 444
1741818368793 0.01551331952214241 445
1741818369267 0.01819193921983242 446
1741818369741 0.022103987634181976 447
1741818370219 0.025667786598205566 448
1741818370710 0.02100248634815216 449
1741818371190 0.022222410887479782 450
1741818371668 0.012941542081534863 451
1741818372141 0.02141990140080452 452
1741818372620 0.040333379060029984 453
1741818373094 0.02021009288728237 454
1741818373583 0.022501621395349503 455
1741818374075 0.02227022498846054 456
1741818374550 0.01764228381216526 457
1741818374610 0.009133705869317055 458
1741818375087 0.011138525791466236 459
1741818375563 0.016520611941814423 460
1741818376038 0.020982656627893448 461
1741818376515 0.018899302929639816 462
1741818377008 0.026525359600782394 463
1741818377489 0.014425331726670265 464
1741818377963 0.0053747002966701984 465
1741818378443 0.01356857642531395 466
1741818378946 0.016721203923225403 467
1741818379454 0.010776599869132042 468
1741818379948 0.02292865514755249 469
1741818380460 0.010975350625813007 470
1741818380955 0.018159709870815277 471
1741818381443 0.016316719353199005 472
1741818381934 0.012004779651761055 473
1741818382434 0.016785554587841034 474
1741818382923 0.01683158054947853 475
1741818383418 0.012064988724887371 476
1741818383910 0.021717073395848274 477
1741818384415 0.006577707827091217 478
1741818384911 0.017969952896237373 479
1741818385404 0.020602010190486908 480
1741818385896 0.018409032374620438 481
1741818386402 0.021679889410734177 482
1741818386913 0.01898062787950039 483
1741818387387 0.02190517447888851 484
1741818387469 0.023163996636867523 485
1741818387940 0.013262299820780754 486
1741818388459 0.024480072781443596 487
1741818388959 0.02245747670531273 488
1741818389435 0.026334231719374657 489
1741818389912 0.016046246513724327 490
1741818390409 0.025174222886562347 491
1741818390880 0.018830396234989166 492
1741818391394 0.026030931621789932 493
1741818391867 0.012475589290261269 494
1741818392339 0.019676361232995987 495
1741818392821 0.02676050364971161 496
1741818393298 0.02103157714009285 497
1741818393771 0.01700335554778576 498
1741818394254 0.021951384842395782 499
1741818400191 0.024476725608110428 500
1741818400683 0.016350217163562775 501
1741818401177 0.030586134642362595 502
1741818401683 0.008149315603077412 503
1741818402176 0.011727787554264069 504
1741818402654 0.025049958378076553 505
1741818403144 0.012432161718606949 506
1741818403634 0.02407202683389187 507
1741818404118 0.017902439460158348 508
1741818404602 0.015139056369662285 509
1741818405100 0.01900533400475979 510
1741818405600 0.018203500658273697 511
1741818405672 0.008929659612476826 512
1741818406159 0.0263801421970129 513
1741818406637 0.014758031815290451 514
1741818407115 0.020152274519205093 515
1741818407593 0.016679827123880386 516
1741818408073 0.01530993077903986 517
1741818408565 0.017438305541872978 518
1741818409060 0.011528721079230309 519
1741818409531 0.023148279637098312 520
1741818410002 0.017200659960508347 521
1741818410476 0.00815623439848423 522
1741818410953 0.03033519722521305 523
1741818411432 0.014510322362184525 524
1741818411911 0.020756054669618607 525
1741818412389 0.03773002326488495 526
1741818412882 0.022295096889138222 527
1741818413363 0.016816625371575356 528
1741818413853 0.010952219367027283 529
1741818414366 0.027116117998957634 530
1741818414862 0.006711035035550594 531
1741818415382 0.018294941633939743 532
1741818415880 0.015557417646050453 533
1741818416381 0.011607727035880089 534
1741818416868 0.01696431264281273 535
1741818417365 0.01644113101065159 536
1741818417848 0.012836822308599949 537
1741818418339 0.016846269369125366 538
1741818418426 0.03431396931409836 539
1741818418926 0.016249803826212883 540
1741818419443 0.01629474014043808 541
1741818419942 0.019706174731254578 542
1741818420455 0.014968369156122208 543
1741818420951 0.011280219070613384 544
1741818421455 0.017383085563778877 545
1741818421963 0.16341537237167358 546
1741818422464 0.02963482216000557 547
1741818422963 0.018566321581602097 548
1741818423481 0.025231488049030304 549
1741818423979 0.017197372391819954 550
1741818424504 0.013371405191719532 551
1741818424994 0.021490950137376785 552
1741818425489 0.021152518689632416 553
1741818426002 0.010663764551281929 554
1741818426488 0.012389273382723331 555
1741818426974 0.028302274644374847 556
1741818427461 0.019736602902412415 557
1741818427953 0.017941253259778023 558
1741818428442 0.051901619881391525 559
1741818428929 0.013072839006781578 560
1741818429416 0.01954028755426407 561
1741818429915 0.04220639914274216 562
1741818430406 0.029953937977552414 563
1741818430895 0.019786028191447258 564
1741818431386 0.020299918949604034 565
1741818431447 0.008143781684339046 566
1741818431934 0.022071927785873413 567
1741818432425 0.017304610460996628 568
1741818432926 0.018642310053110123 569
1741818433425 0.023626454174518585 570
1741818433923 0.01191776990890503 571
1741818434432 0.022139772772789 572
1741818434929 0.014500589109957218 573
1741818435430 0.020370682701468468 574
1741818435929 0.02630547434091568 575
1741818436433 0.020938970148563385 576
1741818436918 0.009376232512295246 577
1741818437411 0.0113560501486063 578
1741818437898 0.01361860241740942 579
1741818438387 0.01593956910073757 580
1741818438883 0.027065539732575417 581
1741818439387 0.01626632735133171 582
1741818439882 0.019214823842048645 583
1741818440384 0.021572967991232872 584
1741818440873 0.01398617122322321 585
1741818441357 0.0110043715685606 586
1741818441843 0.03519509360194206 587
1741818442335 0.015378921292722225 588
1741818442830 0.025255300104618073 589
1741818443352 0.01742396131157875 590
1741818443856 0.018267778679728508 591
1741818444344 0.02795778028666973 592
1741818444430 0.07069586962461472 593
1741818444919 0.01791568100452423 594
1741818445411 0.020593542605638504 595
1741818445918 0.017721280455589294 596
1741818446407 0.016368484124541283 597
1741818446896 0.023516658693552017 598
1741818447386 0.01472153328359127 599
1741818453392 0.023579973727464676 600
1741818453895 0.01968105137348175 601
1741818454387 0.018809329718351364 602
1741818454871 0.01336156576871872 603
1741818455358 0.022707480937242508 604
1741818455844 0.011500587686896324 605
1741818456343 0.015883848071098328 606
1741818456837 0.023675674572587013 607
1741818457331 0.020933959633111954 608
1741818457817 0.011223621666431427 609
1741818458304 0.01507048774510622 610
1741818458791 0.017772851511836052 611
1741818459286 0.007087563630193472 612
1741818459767 0.02068522199988365 613
1741818460250 0.01439109817147255 614
1741818460725 0.013574911281466484 615
1741818461203 0.010760894045233727 616
1741818461699 0.014583494514226913 617
1741818462196 0.014680856838822365 618
1741818462675 0.03197652846574783 619
1741818462735 0.0028260606341063976 620
1741818463242 0.015893924981355667 621
1741818463717 0.006433506961911917 622
1741818464193 0.025223495438694954 623
1741818464668 0.013144080527126789 624
1741818465142 0.02719409018754959 625
1741818465640 0.021944165229797363 626
1741818466120 0.010405485518276691 627
1741818466617 0.017685553058981895 628
1741818467097 0.014460974372923374 629
1741818467577 0.020616564899683 630
1741818468065 0.023077476769685745 631
1741818468561 0.01851033791899681 632
1741818469049 0.0273442342877388 633
1741818469527 0.01734405755996704 634
1741818470010 0.02113945037126541 635
1741818470484 0.018496500328183174 636
1741818470955 0.014062026515603065 637
1741818471432 0.007282568141818047 638
1741818471901 0.020141996443271637 639
1741818472379 0.01856384426355362 640
1741818472873 0.012697304598987103 641
1741818473387 0.022897660732269287 642
1741818473875 0.0458202064037323 643
1741818474366 0.014019135385751724 644
1741818474839 0.019985122606158257 645
1741818475312 0.01119320373982191 646
1741818475396 0.029519319534301758 647
1741818475903 0.02392462082207203 648
1741818476385 0.023379702121019363 649
1741818476857 0.019770115613937378 650
1741818477332 0.018444424495100975 651
1741818477803 0.011965776793658733 652
1741818478306 0.01423538476228714 653
1741818478788 0.01212194375693798 654
1741818479259 0.01357068121433258 655
1741818479734 0.015968944877386093 656
1741818480216 0.017387963831424713 657
1741818480709 0.020705727860331535 658
1741818481189 0.014782998710870743 659
1741818481669 0.023499060422182083 660
1741818482140 0.03076285868883133 661
1741818482617 0.01919529214501381 662
1741818483096 0.017179066315293312 663
1741818483579 0.020924517884850502 664
1741818484054 0.015572268515825272 665
1741818484528 0.025636328384280205 666
1741818484999 0.016147630289196968 667
1741818485492 0.02570224739611149 668
1741818485982 0.019360195845365524 669
1741818486463 0.01720212586224079 670
1741818486936 0.016474230214953423 671
1741818487411 0.019207969307899475 672
1741818487891 0.02958010882139206 673
1741818487950 0.0032312616240233183 674
1741818488433 0.00888748187571764 675
1741818488922 0.01540171168744564 676
1741818489399 0.011865907348692417 677
1741818489873 0.019518114626407623 678
1741818490358 0.017707083374261856 679
1741818490841 0.026525065302848816 680
1741818491320 0.023055145516991615 681
1741818491810 0.029218588024377823 682
1741818492290 0.012713548727333546 683
1741818492758 0.015219418331980705 684
1741818493242 0.01039356179535389 685
1741818493715 0.014082642272114754 686
1741818494199 0.023853210732340813 687
1741818494671 0.02074294723570347 688
1741818495142 0.01002521812915802 689
1741818495631 0.007246630731970072 690
1741818496128 0.009848805144429207 691
1741818496604 0.01826174557209015 692
1741818497078 0.013805342838168144 693
1741818497566 0.010294370353221893 694
1741818498045 0.01676100678741932 695
1741818498522 0.01432100497186184 696
1741818499016 0.024292416870594025 697
1741818499504 0.020346421748399734 698
1741818499979 0.023344051092863083 699
1741818505832 0.01565282978117466 700
1741818505912 0.054720573127269745 701
1741818506406 0.014883139170706272 702
1741818506906 0.01669837161898613 703
1741818507406 0.02504267543554306 704
1741818507906 0.013162265531718731 705
1741818508403 0.009543480351567268 706
1741818508895 0.014132890850305557 707
1741818509395 0.027276407927274704 708
1741818509888 0.021168243139982224 709
1741818510382 0.014907993376255035 710
1741818510867 0.017954107373952866 711
1741818511351 0.010169994086027145 712
1741818511835 0.017613347619771957 713
1741818512345 0.012448345310986042 714
1741818512837 0.01734413579106331 715
1741818513336 0.015159046277403831 716
1741818513818 0.016053641214966774 717
1741818514310 0.010916020721197128 718
1741818514806 0.015048996545374393 719
1741818515317 0.010338527150452137 720
1741818515801 0.021666210144758224 721
1741818516300 0.015997273847460747 722
1741818516783 0.013519641943275928 723
1741818517275 0.015050498768687248 724
1741818517761 0.008961344137787819 725
1741818518268 0.025695892050862312 726
1741818518766 0.005798828788101673 727
1741818518827 0.0054747359827160835 728
1741818519337 0.009887090884149075 729
1741818519841 0.011083004996180534 730
1741818520351 0.021544119343161583 731
1741818520859 0.027806565165519714 732
1741818521362 0.02431151084601879 733
1741818521857 0.017246996983885765 734
1741818522354 0.008589990437030792 735
1741818522853 0.0054064118303358555 736
1741818523344 0.017931925132870674 737
1741818523826 0.019567081704735756 738
1741818524309 0.01803867146372795 739
1741818524791 0.008118542842566967 740
1741818525273 0.01945996657013893 741
1741818525752 0.011132767423987389 742
1741818526234 0.019853714853525162 743
1741818526711 0.009544147178530693 744
1741818527192 0.013197897002100945 745
1741818527680 0.014009267091751099 746
1741818528172 0.011739963665604591 747
1741818528656 0.014911231584846973 748
1741818529136 0.008768397383391857 749
1741818529619 0.021413583308458328 750
1741818530105 0.014684418216347694 751
1741818530599 0.019648477435112 752
1741818531094 0.01716400310397148 753
1741818531567 0.011050042696297169 754
1741818531651 0.11390244960784912 755
1741818532126 0.007826614193618298 756
1741818532604 0.013069765642285347 757
1741818533095 0.015480117872357368 758
1741818533572 0.02474568411707878 759
1741818534060 0.007337209768593311 760
1741818534539 0.00847863219678402 761
1741818535019 0.03279417008161545 762
1741818535500 0.01668538525700569 763
1741818535992 0.004677250515669584 764
1741818536466 0.014329749159514904 765
1741818536961 0.022261466830968857 766
1741818537443 0.021446699276566505 767
1741818537934 0.013250873424112797 768
1741818538412 0.013627951964735985 769
1741818538897 0.012514720670878887 770
1741818539379 0.0034409821964800358 771
1741818539859 0.027715226635336876 772
1741818540344 0.006891735829412937 773
1741818540821 0.03005506470799446 774
1741818541313 0.011476218700408936 775
1741818541799 0.013411147519946098 776
1741818542290 0.02466678060591221 777
1741818542780 0.009787071496248245 778
1741818543271 0.016391107812523842 779
1741818543748 0.027949083596467972 780
1741818544264 0.01618039235472679 781
1741818544326 0.002477617235854268 782
1741818544841 0.019461698830127716 783
1741818545357 0.018532563000917435 784
1741818545873 0.01617702841758728 785
1741818546413 0.011018835939466953 786
1741818546931 0.024850334972143173 787
1741818547452 0.01130001526325941 788
1741818547954 0.02142995223402977 789
1741818548465 0.016878899186849594 790
1741818548965 0.010103220120072365 791
1741818549470 0.019270624965429306 792
1741818549977 0.014135203324258327 793
1741818550492 0.009420142509043217 794
1741818551019 0.013127349317073822 795
1741818551526 0.02746545523405075 796
1741818552036 0.019775891676545143 797
1741818552551 0.01738131046295166 798
1741818553062 0.011918598785996437 799
1741818559293 0.011976458132266998 800
1741818559789 0.03268470615148544 801
1741818560290 0.014522086828947067 802
1741818560782 0.008802320808172226 803
1741818561297 0.01641141250729561 804
1741818561806 0.024454275146126747 805
1741818562319 0.018463488668203354 806
1741818562801 0.01597129926085472 807
1741818563294 0.026831943541765213 808
1741818563379 0.004621935077011585 809
1741818563875 0.01613541878759861 810
1741818564378 0.012562732212245464 811
1741818564876 0.03667086362838745 812
1741818565382 0.01128530502319336 813
1741818565886 0.009157774038612843 814
1741818566397 0.010918337851762772 815
1741818566879 0.019701389595866203 816
1741818567372 0.013792667537927628 817
1741818567860 0.015885114669799805 818
1741818568354 0.024509435519576073 819
1741818568842 0.008401806466281414 820
1741818569336 0.03293367475271225 821
1741818569821 0.012130051851272583 822
1741818570323 0.005106228403747082 823
1741818570809 0.01887303777039051 824
1741818571298 0.013324467465281487 825
1741818571794 0.007642887532711029 826
1741818572291 0.022724874317646027 827
1741818572792 0.011729894205927849 828
1741818573297 0.01317325048148632 829
1741818573783 0.008756461553275585 830
1741818574292 0.031960614025592804 831
1741818574794 0.007656576577574015 832
1741818575299 0.008370625786483288 833
1741818575811 0.01300830114632845 834
1741818576303 0.010647537186741829 835
1741818576365 0.0024607127998024225 836
1741818576862 0.028429407626390457 837
1741818577362 0.019139990210533142 838
1741818577861 0.017138682305812836 839
1741818578346 0.01807745173573494 840
1741818578837 0.017056861892342567 841
1741818579338 0.018553979694843292 842
1741818579826 0.01590096205472946 843
1741818580325 0.012803200632333755 844
1741818580819 0.01302176434546709 845
1741818581319 0.010474465787410736 846
1741818581820 0.01635747030377388 847
1741818582342 0.014950655400753021 848
1741818582839 0.015382783487439156 849
1741818583343 0.00796190369874239 850
1741818583842 0.015499575063586235 851
1741818584346 0.01572583243250847 852
1741818584848 0.014763247221708298 853
1741818585375 0.015081921592354774 854
1741818585880 0.021734829992055893 855
1741818586386 0.014298302121460438 856
1741818586895 0.011770110577344894 857
1741818587402 0.019199354574084282 858
1741818587893 0.014993354678153992 859
1741818588406 0.021923553198575974 860
1741818588905 0.021808993071317673 861
1741818589409 0.025884505361318588 862
1741818589493 0.008449430577456951 863
1741818589996 0.019773036241531372 864
1741818590492 0.011341280303895473 865
1741818590985 0.019852284342050552 866
1741818591471 0.014450831338763237 867
1741818591989 0.0052703856490552425 868
1741818592512 0.013212797231972218 869
1741818593008 0.008981768041849136 870
1741818593515 0.00976936612278223 871
1741818594025 0.021007606759667397 872
1741818594537 0.013399485498666763 873
1741818595049 0.014310646802186966 874
1741818595564 0.008840439841151237 875
1741818596073 0.05104275420308113 876
1741818596561 0.015288134105503559 877
1741818597051 0.013440252281725407 878
1741818597550 0.017355965450406075 879
1741818598076 0.009697583504021168 880
1741818598579 0.014165198430418968 881
1741818599084 0.018975840881466866 882
1741818599587 0.0186496302485466 883
1741818600094 0.014173237606883049 884
1741818600604 0.02309439331293106 885
1741818601101 0.028751717880368233 886
1741818601610 0.01823100633919239 887
1741818602125 0.02445206046104431 888
1741818602641 0.016686584800481796 889
1741818602702 0.003593110479414463 890
1741818603230 0.007389713544398546 891
1741818603750 0.014419930055737495 892
1741818604276 0.0252362173050642 893
1741818604766 0.014338066801428795 894
1741818605250 0.01217891275882721 895
1741818605755 0.011305456049740314 896
1741818606238 0.013912204653024673 897
1741818606744 0.005419923458248377 898
1741818607225 0.014409981667995453 899
1741818613477 0.019198060035705566 900
1741818613986 0.014880185015499592 901
1741818614515 0.02101239562034607 902
1741818615038 0.01666313223540783 903
1741818615546 0.010577785782516003 904
1741818616061 0.024098239839076996 905
1741818616570 0.00800756923854351 906
1741818617079 0.01285427063703537 907
1741818617583 0.016788551583886147 908
1741818618081 0.009760687127709389 909
1741818618587 0.010779893025755882 910
1741818619090 0.010756961070001125 911
1741818619609 0.019719064235687256 912
1741818620121 0.00986533798277378 913
1741818620623 0.010592448525130749 914
1741818621110 0.015370875597000122 915
1741818621600 0.02296113222837448 916
1741818621684 0.05168937146663666 917
1741818622194 0.016443567350506783 918
1741818622698 0.03850878030061722 919
1741818623196 0.01772954687476158 920
1741818623685 0.017254821956157684 921
1741818624178 0.021752074360847473 922
1741818624669 0.01590210758149624 923
1741818625170 0.01579434610903263 924
1741818625687 0.00730273500084877 925
1741818626177 0.009258155710995197 926
1741818626673 0.015123260207474232 927
1741818627191 0.008035647682845592 928
1741818627704 0.012841487303376198 929
1741818628196 0.008030649274587631 930
1741818628683 0.008459187112748623 931
1741818629176 0.021399695426225662 932
1741818629681 0.021183406934142113 933
1741818630169 0.01865546964108944 934
1741818630661 0.018921740353107452 935
1741818631145 0.017215929925441742 936
1741818631638 0.00781055074185133 937
1741818632122 0.009193765930831432 938
1741818632609 0.012510602362453938 939
1741818633098 0.010420121252536774 940
1741818633586 0.016802076250314713 941
1741818634083 0.0059099276550114155 942
1741818634572 0.010400678031146526 943
1741818634633 0.002318844897672534 944
1741818635123 0.011860523372888565 945
1741818635614 0.008735761977732182 946
1741818636105 0.010121896862983704 947
1741818636582 0.019673757255077362 948
1741818637072 0.014663204550743103 949
1741818637558 0.011530094780027866 950
1741818638037 0.010653777047991753 951
1741818638523 0.021658925339579582 952
1741818639003 0.006165237165987492 953
1741818639475 0.008969977498054504 954
1741818639951 0.012252249754965305 955
1741818640430 0.014296794310212135 956
1741818640937 0.01801294833421707 957
1741818641454 0.00989349652081728 958
1741818641962 0.012879017740488052 959
1741818642474 0.016720609739422798 960
1741818642982 0.005466632544994354 961
1741818643492 0.007088812533766031 962
1741818643987 0.011713922023773193 963
1741818644490 0.008946591056883335 964
1741818644989 0.0163668692111969 965
1741818645487 0.008307847194373608 966
1741818645987 0.004960660822689533 967
1741818646485 0.01703823357820511 968
1741818646992 0.005463037174195051 969
1741818647499 0.015057867392897606 970
1741818647585 0.01985868625342846 971
1741818648104 0.014369707554578781 972
1741818648611 0.009102506563067436 973
1741818649116 0.070829376578331 974
1741818649622 0.02025688998401165 975
1741818650121 0.01213319506496191 976
1741818650619 0.015750009566545486 977
1741818651127 0.008053384721279144 978
1741818651627 0.02335936948657036 979
1741818652123 0.015313111245632172 980
1741818652631 0.016682466492056847 981
1741818653149 0.023518092930316925 982
1741818653654 0.01747181825339794 983
1741818654165 0.03989054635167122 984
1741818654669 0.02143641747534275 985
1741818655174 0.006812769453972578 986
1741818655670 0.01917276158928871 987
1741818656185 0.010475272312760353 988
1741818656680 0.019263315945863724 989
1741818657190 0.020323436707258224 990
1741818657686 0.01604902744293213 991
1741818658191 0.01251267921179533 992
1741818658695 0.01115577295422554 993
1741818659215 0.01868700422346592 994
1741818659720 0.013147623278200626 995
1741818660233 0.013426068238914013 996
1741818660746 0.018998928368091583 997
1741818660808 0.006303147412836552 998
1741818661313 0.02560381591320038 999
1741818667223 0.03512030839920044 1000
1741818667706 0.019259415566921234 1001
1741818668200 0.016049422323703766 1002
1741818668682 0.015049287118017673 1003
1741818669168 0.007532644085586071 1004
1741818669662 0.0101684695109725 1005
1741818670169 0.008811607956886292 1006
1741818670650 0.0143386609852314 1007
1741818671134 0.01580777019262314 1008
1741818671615 0.017967846244573593 1009
1741818672112 0.01662079058587551 1010
1741818672597 0.01148267649114132 1011
1741818673097 0.019775839522480965 1012
1741818673586 0.012897813692688942 1013
1741818674072 0.014411267824470997 1014
1741818674557 0.014747826382517815 1015
1741818675042 0.013944674283266068 1016
1741818675533 0.011485490947961807 1017
1741818676017 0.015590701252222061 1018
1741818676518 0.018527083098888397 1019
1741818677000 0.010227609425783157 1020
1741818677486 0.0223196092993021 1021
1741818677984 0.01672273315489292 1022
1741818678469 0.012375718913972378 1023
1741818678948 0.012418193742632866 1024
1741818679035 0.006937911733984947 1025
1741818679521 0.008581808768212795 1026
1741818680033 0.0105487871915102 1027
1741818680523 0.011614227667450905 1028
1741818681017 0.010688318870961666 1029
1741818681500 0.01924007385969162 1030
1741818681990 0.030261602252721786 1031
1741818682476 0.006287975702434778 1032
1741818682977 0.010634452104568481 1033
1741818683485 0.011266039684414864 1034
1741818683979 0.017860479652881622 1035
1741818684477 0.014735816046595573 1036
1741818684974 0.02398451790213585 1037
1741818685481 0.018419381231069565 1038
1741818685980 0.0204726904630661 1039
1741818686475 0.012788400985300541 1040
1741818686970 0.01694393903017044 1041
1741818687471 0.016283148899674416 1042
1741818687973 0.01006427500396967 1043
1741818688480 0.006688145454972982 1044
1741818688978 0.018780570477247238 1045
1741818689476 0.010992166586220264 1046
1741818689958 0.0117786955088377 1047
1741818690442 0.011702300049364567 1048
1741818690925 0.008228311315178871 1049
1741818691413 0.01886904612183571 1050
1741818691902 0.017859742045402527 1051
1741818691963 0.0034643104299902916 1052
1741818692452 0.014382211491465569 1053
1741818692927 0.010270882397890091 1054
1741818693426 0.027723874896764755 1055
1741818693905 0.014822294935584068 1056
1741818694386 0.017799340188503265 1057
1741818694869 0.02005925588309765 1058
1741818695359 0.013885993510484695 1059
1741818695830 0.016021154820919037 1060
1741818696313 0.013880047015845776 1061
1741818696793 0.004761735443025827 1062
1741818697274 0.00986289232969284 1063
1741818697750 0.011448145844042301 1064
1741818698228 0.006344887427985668 1065
1741818698727 0.008227868005633354 1066
1741818699216 0.017972681671380997 1067
1741818699691 0.015506523661315441 1068
1741818700174 0.01907452940940857 1069
1741818700641 0.016110707074403763 1070
1741818701116 0.015257852151989937 1071
1741818701603 0.01778656616806984 1072
1741818702090 0.010814227163791656 1073
1741818702569 0.009353969246149063 1074
1741818703043 0.00712583027780056 1075
1741818703520 0.009817235171794891 1076
1741818704001 0.032743800431489944 1077
1741818704471 0.01309579610824585 1078
1741818704554 0.014772516675293446 1079
1741818705045 0.011553713120520115 1080
1741818705522 0.014460720121860504 1081
1741818706010 0.017977021634578705 1082
1741818706485 0.014238743111491203 1083
1741818706965 0.015172464773058891 1084
1741818707463 0.010141103528439999 1085
1741818707959 0.006933851167559624 1086
1741818708450 0.011691797524690628 1087
1741818708954 0.012134451419115067 1088
1741818709451 0.015444841235876083 1089
1741818709948 0.018679263070225716 1090
1741818710453 0.016707155853509903 1091
1741818710974 0.01308575551956892 1092
1741818711475 0.005978823639452457 1093
1741818711977 0.007581301033496857 1094
1741818712482 0.015728555619716644 1095
1741818712993 0.012374705635011196 1096
1741818713498 0.009965609759092331 1097
1741818713998 0.008460668846964836 1098
1741818714502 0.008048776537179947 1099
1741818720664 0.016444651409983635 1100
1741818721152 0.01651914045214653 1101
1741818721661 0.010533133521676064 1102
1741818722173 0.025555051863193512 1103
1741818722668 0.006729216314852238 1104
1741818723183 0.008531039580702782 1105
1741818723245 0.0030618009623140097 1106
1741818723757 0.016172386705875397 1107
1741818724273 0.024379786103963852 1108
1741818724779 0.014912955462932587 1109
1741818725298 0.016642265021800995 1110
1741818725797 0.019194820895791054 1111
1741818726311 0.013765968382358551 1112
1741818726825 0.017023133113980293 1113
1741818727348 0.009218523278832436 1114
1741818727866 0.015794508159160614 1115
1741818728382 0.031747687608003616 1116
1741818728889 0.011123741045594215 1117
1741818729415 0.009034901857376099 1118
1741818729938 0.016332248225808144 1119
1741818730463 0.016403835266828537 1120
1741818730976 0.01449123490601778 1121
1741818731481 0.006863865535706282 1122
1741818731981 0.01805570349097252 1123
1741818732478 0.014304867014288902 1124
1741818732971 0.009955000132322311 1125
1741818733462 0.008089817129075527 1126
1741818733948 0.011185185052454472 1127
1741818734439 0.010273189283907413 1128
1741818734933 0.006951968185603619 1129
1741818735430 0.008186686784029007 1130
1741818735917 0.008901418186724186 1131
1741818736430 0.016731716692447662 1132
1741818736519 0.05471068248152733 1133
1741818737009 0.01080554910004139 1134
1741818737498 0.012736223638057709 1135
1741818737984 0.012851934880018234 1136
1741818738479 0.015408901497721672 1137
1741818738968 0.013932773843407631 1138
1741818739466 0.015368670225143433 1139
1741818739961 0.005249792244285345 1140
1741818740445 0.008729744702577591 1141
1741818740936 0.019036846235394478 1142
1741818741422 0.015207219868898392 1143
1741818741907 0.012893286533653736 1144
1741818742401 0.01420024037361145 1145
1741818742891 0.012211255729198456 1146
1741818743386 0.012124794535338879 1147
1741818743875 0.016183171421289444 1148
1741818744371 0.010253051295876503 1149
1741818744856 0.015882350504398346 1150
1741818745344 0.015093428082764149 1151
1741818745839 0.013712171465158463 1152
1741818746331 0.008123395033180714 1153
1741818746829 0.013885904103517532 1154
1741818747333 0.0104975625872612 1155
1741818747836 0.016920439898967743 1156
1741818748341 0.009780129417777061 1157
1741818748853 0.01095567923039198 1158
1741818749386 0.01445385254919529 1159
1741818749448 0.01044179406017065 1160
1741818749946 0.010968906804919243 1161
1741818750445 0.01103270798921585 1162
1741818750949 0.009162625297904015 1163
1741818751454 0.0186716690659523 1164
1741818751959 0.018465016037225723 1165
1741818752477 0.012898553162813187 1166
1741818753005 0.01177561841905117 1167
1741818753523 0.011103142984211445 1168
1741818754030 0.008040625602006912 1169
1741818754544 0.00974192749708891 1170
1741818755059 0.015957817435264587 1171
1741818755572 0.015278742648661137 1172
1741818756096 0.011394951492547989 1173
1741818756603 0.0065496498718857765 1174
1741818757105 0.03189585357904434 1175
1741818757594 0.013112155720591545 1176
1741818758096 0.015577013604342937 1177
1741818758588 0.011563063599169254 1178
1741818759084 0.004235407337546349 1179
1741818759583 0.007378662005066872 1180
1741818760080 0.007853633724153042 1181
1741818760568 0.01389797031879425 1182
1741818761070 0.007969977334141731 1183
1741818761561 0.007860695011913776 1184
1741818762053 0.014143882319331169 1185
1741818762538 0.019232384860515594 1186
1741818762622 0.034552257508039474 1187
1741818763111 0.0033319771755486727 1188
1741818763599 0.015428406186401844 1189
1741818764095 0.013248964212834835 1190
1741818764586 0.008802298456430435 1191
1741818765073 0.016907867044210434 1192
1741818765565 0.005202058237046003 1193
1741818766060 0.009417489171028137 1194
1741818766550 0.016060061752796173 1195
1741818767037 0.010373098775744438 1196
1741818767537 0.010278905741870403 1197
1741818768025 0.01823837123811245 1198
1741818768518 0.00784937385469675 1199
1741818774816 0.009883832186460495 1200
1741818775334 0.010652760975062847 1201
1741818775827 0.015195975080132484 1202
1741818776327 0.007435151841491461 1203
1741818776813 0.0037686049472540617 1204
1741818777320 0.00851213838905096 1205
1741818777810 0.00943056121468544 1206
1741818778304 0.015295594930648804 1207
1741818778789 0.02293628454208374 1208
1741818779268 0.018022634088993073 1209
1741818779744 0.014930217526853085 1210
1741818780231 0.017273476347327232 1211
1741818780707 0.00967462733387947 1212
1741818781204 0.016850175336003304 1213
1741818781265 0.007412792649120092 1214
1741818781743 0.009646219201385975 1215
1741818782227 0.004645259119570255 1216
1741818782715 0.011937129311263561 1217
1741818783217 0.005348231177777052 1218
1741818783715 0.003022141521796584 1219
1741818784223 0.01034017838537693 1220
1741818784715 0.019414417445659637 1221
1741818785217 0.011234614066779613 1222
1741818785715 0.01752978377044201 1223
1741818786220 0.00585559057071805 1224
1741818786715 0.012552306056022644 1225
1741818787226 0.11235079169273376 1226
1741818787755 0.015529289841651917 1227
1741818788260 0.011453968472778797 1228
1741818788752 0.0209440179169178 1229
1741818789251 0.011803251691162586 1230
1741818789747 0.016225771978497505 1231
1741818790263 0.021476412191987038 1232
1741818790758 0.007411336991935968 1233
1741818791243 0.018026184290647507 1234
1741818791725 0.017381839454174042 1235
1741818792214 0.01766768842935562 1236
1741818792697 0.024118702858686447 1237
1741818793181 0.008500417694449425 1238
1741818793665 0.01174631156027317 1239
1741818794167 0.019314579665660858 1240
1741818794249 0.057786695659160614 1241
1741818794736 0.028273683041334152 1242
1741818795216 0.008625163696706295 1243
1741818795693 0.00808496680110693 1244
1741818796180 0.013380911201238632 1245
1741818796669 0.023617960512638092 1246
1741818797143 0.02163221687078476 1247
1741818797617 0.009973270818591118 1248
1741818798096 0.008296283893287182 1249
1741818798577 0.02622258849442005 1250
1741818799051 0.021101154386997223 1251
1741818799525 0.012054669670760632 1252
1741818800010 0.017747607082128525 1253
1741818800484 0.010144675150513649 1254
1741818800958 0.014712505042552948 1255
1741818801451 0.016206948086619377 1256
1741818801929 0.009159859269857407 1257
1741818802418 0.013666557148098946 1258
1741818802896 0.008400635793805122 1259
1741818803383 0.013100741431117058 1260
1741818803865 0.01413277443498373 1261
1741818804358 0.02223123610019684 1262
1741818804836 0.014106093905866146 1263
1741818805326 0.013820607215166092 1264
1741818805806 0.013332674279808998 1265
1741818806283 0.016320396214723587 1266
1741818806771 0.02334255911409855 1267
1741818806832 0.010807105340063572 1268
1741818807316 0.0037978184409439564 1269
1741818807807 0.02054564468562603 1270
1741818808311 0.007988699711859226 1271
1741818808791 0.0139591284096241 1272
1741818809270 0.010853685438632965 1273
1741818809746 0.007907341234385967 1274
1741818810225 0.02891802228987217 1275
1741818810714 0.013744201511144638 1276
1741818811214 0.008320966735482216 1277
1741818811701 0.008251886814832687 1278
1741818812194 0.017801903188228607 1279
1741818812671 0.009078489616513252 1280
1741818813152 0.009232349693775177 1281
1741818813644 0.019174596294760704 1282
1741818814120 0.015700563788414 1283
1741818814598 0.011662793345749378 1284
1741818815078 0.012211727909743786 1285
1741818815556 0.007214335724711418 1286
1741818816035 0.011109963059425354 1287
1741818816519 0.007024643011391163 1288
1741818817007 0.014579235576093197 1289
1741818817505 0.014721417799592018 1290
1741818817987 0.011271292343735695 1291
1741818818470 0.023625627160072327 1292
1741818818947 0.009935346432030201 1293
1741818819433 0.012335451319813728 1294
1741818819517 0.0065658376552164555 1295
1741818819996 0.022530188784003258 1296
1741818820475 0.010733112692832947 1297
1741818820955 0.005952090956270695 1298
1741818821441 0.011071191169321537 1299
1741818827344 0.013348178006708622 1300
1741818827827 0.011696027591824532 1301
1741818828317 0.02374892681837082 1302
1741818828807 0.0077897366136312485 1303
1741818829301 0.01174820028245449 1304
1741818829792 0.018543455749750137 1305
1741818830281 0.015386383049190044 1306
1741818830767 0.014355286955833435 1307
1741818831264 0.013942048884928226 1308
1741818831755 0.013236643746495247 1309
1741818832255 0.01119090523570776 1310
1741818832743 0.014260719530284405 1311
1741818833241 0.01801866665482521 1312
1741818833722 0.010063627734780312 1313
1741818834222 0.011879218742251396 1314
1741818834715 0.015747733414173126 1315
1741818835207 0.011421791277825832 1316
1741818835684 0.008552782237529755 1317
1741818836172 0.011728264391422272 1318
1741818836662 0.004402847494930029 1319
1741818837140 0.006041697226464748 1320
1741818837622 0.008571967482566833 1321
1741818837683 0.0024495385587215424 1322
1741818838179 0.009497730061411858 1323
1741818838659 0.008942008949816227 1324
1741818839151 0.026646900922060013 1325
1741818839655 0.00963175855576992 1326
1741818840153 0.018821142613887787 1327
1741818840650 0.009058318100869656 1328
1741818841153 0.021512124687433243 1329
1741818841653 0.013626262545585632 1330
1741818842166 0.010822516866028309 1331
1741818842659 0.005233719013631344 1332
1741818843162 0.013454724103212357 1333
1741818843655 0.012701273895800114 1334
1741818844144 0.01235447358340025 1335
1741818844644 0.02145613543689251 1336
1741818845136 0.020481515675783157 1337
1741818845629 0.013990866020321846 1338
1741818846120 0.005945853888988495 1339
1741818846612 0.007788020186126232 1340
1741818847103 0.010117833502590656 1341
1741818847596 0.007943104021251202 1342
1741818848095 0.007744377478957176 1343
1741818848597 0.01904124766588211 1344
1741818849095 0.007264284882694483 1345
1741818849603 0.01027604378759861 1346
1741818850109 0.014269105158746243 1347
1741818850615 0.0067723034881055355 1348
1741818850704 0.0018992619588971138 1349
1741818851204 0.015868570655584335 1350
1741818851710 0.0118611641228199 1351
1741818852210 0.015973243862390518 1352
1741818852726 0.011439395137131214 1353
1741818853235 0.008526750840246677 1354
1741818853743 0.009254995733499527 1355
1741818854266 0.01298658736050129 1356
1741818854769 0.01644212193787098 1357
1741818855277 0.006683961022645235 1358
1741818855780 0.0077192517928779125 1359
1741818856283 0.010473472066223621 1360
1741818856785 0.0138507429510355 1361
1741818857287 0.012233755551278591 1362
1741818857816 0.009402556344866753 1363
1741818858325 0.015022034756839275 1364
1741818858831 0.006086855661123991 1365
1741818859339 0.021653544157743454 1366
1741818859841 0.010501690208911896 1367
1741818860334 0.006213648244738579 1368
1741818860825 0.0099993497133255 1369
1741818861326 0.009070482105016708 1370
1741818861829 0.009804008528590202 1371
1741818862323 0.006877335254102945 1372
1741818862815 0.012360106222331524 1373
1741818863316 0.007583965547382832 1374
1741818863807 0.012464574538171291 1375
1741818863869 0.001474776421673596 1376
1741818864363 0.012094924226403236 1377
1741818864856 0.011806403286755085 1378
1741818865359 0.0131904948502779 1379
1741818865855 0.015673400834202766 1380
1741818866350 0.009256069548428059 1381
1741818866846 0.006061873864382505 1382
1741818867343 0.00763997808098793 1383
1741818867832 0.007710233796387911 1384
1741818868352 0.007431677542626858 1385
1741818868851 0.008896284736692905 1386
1741818869347 0.012100355699658394 1387
1741818869839 0.008224543184041977 1388
1741818870336 0.015950104221701622 1389
1741818870845 0.005171250551939011 1390
1741818871346 0.014886816032230854 1391
1741818871843 0.00868772342801094 1392
1741818872336 0.02169123850762844 1393
1741818872829 0.009215809404850006 1394
1741818873357 0.0122753344476223 1395
1741818873863 0.01280588936060667 1396
1741818874383 0.016243956983089447 1397
1741818874895 0.009699353948235512 1398
1741818875407 0.013344615697860718 1399
1741818881590 0.004951415583491325 1400
1741818882096 0.012058037333190441 1401
1741818882584 0.012717509642243385 1402
1741818882672 0.005957401357591152 1403
1741818883191 0.012811154127120972 1404
1741818883674 0.004854104015976191 1405
1741818884154 0.0068699270486831665 1406
1741818884641 0.01174052245914936 1407
1741818885134 0.010232361033558846 1408
1741818885642 0.02095630392432213 1409
1741818886137 0.009065940044820309 1410
1741818886617 0.010055819526314735 1411
1741818887123 0.01724570244550705 1412
1741818887591 0.003603283315896988 1413
1741818888078 0.008920569904148579 1414
1741818888575 0.02778085321187973 1415
1741818889091 0.011025425978004932 1416
1741818889589 0.026460587978363037 1417
1741818890109 0.005658183246850967 1418
1741818890597 0.026359736919403076 1419
1741818891093 0.005370241589844227 1420
1741818891600 0.00748978229239583 1421
1741818892096 0.00912581104785204 1422
1741818892631 0.014525928534567356 1423
1741818893138 0.01618817448616028 1424
1741818893649 0.014972294680774212 1425
1741818894153 0.008761249482631683 1426
1741818894672 0.006529468577355146 1427
1741818895185 0.016031160950660706 1428
1741818895681 0.030567433685064316 1429
1741818895743 0.003395229112356901 1430
1741818896248 0.01923329383134842 1431
1741818896738 0.018681591376662254 1432
1741818897229 0.010775228030979633 1433
1741818897718 0.005672837141901255 1434
1741818898223 0.022260162979364395 1435
1741818898725 0.010979563929140568 1436
1741818899221 0.0028452908154577017 1437
1741818899725 0.012362571433186531 1438
1741818900230 0.015889856964349747 1439
1741818900729 0.009522740729153156 1440
1741818901241 0.008757865987718105 1441
1741818901725 0.00815667025744915 1442
1741818902214 0.012157910503447056 1443
1741818902709 0.00824850145727396 1444
1741818903212 0.006229183170944452 1445
1741818903710 0.013943111523985863 1446
1741818904203 0.01977384276688099 1447
1741818904686 0.01191086508333683 1448
1741818905178 0.012179777957499027 1449
1741818905650 0.014134112745523453 1450
1741818906147 0.006745732855051756 1451
1741818906641 0.009867531247437 1452
1741818907124 0.021268341690301895 1453
1741818907612 0.007162393536418676 1454
1741818908095 0.01512830052524805 1455
1741818908576 0.0029738089069724083 1456
1741818908660 0.09794603288173676 1457
1741818909138 0.00664493115618825 1458
1741818909614 0.011199409142136574 1459
1741818910096 0.022412452846765518 1460
1741818910587 0.009895467199385166 1461
1741818911095 0.017225734889507294 1462
1741818911586 0.014851975254714489 1463
1741818912065 0.021945657208561897 1464
1741818912545 0.014881633222103119 1465
1741818913016 0.010008158162236214 1466
1741818913491 0.010640997439622879 1467
1741818913969 0.024856004863977432 1468
1741818914448 0.023264333605766296 1469
1741818914928 0.011880340054631233 1470
1741818915418 0.01774761825799942 1471
1741818915898 0.011782681569457054 1472
1741818916384 0.00982716865837574 1473
1741818916865 0.01723894476890564 1474
1741818917348 0.012468218803405762 1475
1741818917822 0.012121357955038548 1476
1741818918312 0.011548483744263649 1477
1741818918790 0.018983323127031326 1478
1741818919272 0.008081094361841679 1479
1741818919752 0.011195167899131775 1480
1741818920249 0.009287248365581036 1481
1741818920731 0.012142171151936054 1482
1741818921224 0.014000887982547283 1483
1741818921285 0.002077137352898717 1484
1741818921772 0.008814722299575806 1485
1741818922277 0.013562146574258804 1486
1741818922765 0.005407264456152916 1487
1741818923273 0.011394722387194633 1488
1741818923765 0.009215723723173141 1489
1741818924254 0.019211536273360252 1490
1741818924740 0.0061832149513065815 1491
1741818925229 0.0060667432844638824 1492
1741818925719 0.004658247344195843 1493
1741818926205 0.009038248099386692 1494
1741818926697 0.017681293189525604 1495
1741818927181 0.012214479967951775 1496
1741818927670 0.006212499458342791 1497
1741818928148 0.04024442657828331 1498
1741818928639 0.011915978044271469 1499
1741818934548 0.015323945321142673 1500
1741818935031 0.006418587639927864 1501
1741818935511 0.01091833133250475 1502
1741818935992 0.0106881158426404 1503
1741818936477 0.013484637252986431 1504
1741818936973 0.01463727094233036 1505
1741818937476 0.010564306750893593 1506
1741818937956 0.011503759771585464 1507
1741818938451 0.01085642445832491 1508
1741818938933 0.012073153629899025 1509
1741818939419 0.007917342707514763 1510
1741818939504 0.006193784065544605 1511
1741818939984 0.007385848090052605 1512
1741818940461 0.012356296181678772 1513
1741818940944 0.018695374950766563 1514
1741818941435 0.013432417996227741 1515
1741818941920 0.013103950768709183 1516
1741818942419 0.013923509046435356 1517
1741818942906 0.012349363416433334 1518
1741818943400 0.010081987828016281 1519
1741818943882 0.011036342009902 1520
1741818944379 0.007900482974946499 1521
1741818944858 0.008283077739179134 1522
1741818945340 0.014011034741997719 1523
1741818945822 0.017198525369167328 1524
1741818946313 0.0167961735278368 1525
1741818946791 0.005846424959599972 1526
1741818947269 0.010879188776016235 1527
1741818947750 0.006274437066167593 1528
1741818948256 0.009993665851652622 1529
1741818948739 0.016346735879778862 1530
1741818949235 0.008467206731438637 1531
1741818949713 0.006325490307062864 1532
1741818950198 0.008628752082586288 1533
1741818950678 0.011096393689513206 1534
1741818951161 0.005888059735298157 1535
1741818951656 0.01665472611784935 1536
1741818952150 0.010696695186197758 1537
1741818952211 0.0005817287601530552 1538
1741818952693 0.010425693355500698 1539
1741818953181 0.009995812550187111 1540
1741818953683 0.018486283719539642 1541
1741818954194 0.01747920922935009 1542
1741818954707 0.008722909726202488 1543
1741818955216 0.01584765687584877 1544
1741818955706 0.010358286090195179 1545
1741818956203 0.011811703443527222 1546
1741818956702 0.011340470984578133 1547
1741818957194 0.013088440522551537 1548
1741818957696 0.012861686758697033 1549
1741818958198 0.008182181045413017 1550
1741818958703 0.008751854300498962 1551
1741818959203 0.009084327146410942 1552
1741818959697 0.007119293790310621 1553
1741818960196 0.009745852090418339 1554
1741818960694 0.007713058032095432 1555
1741818961197 0.008628848940134048 1556
1741818961699 0.010746545158326626 1557
1741818962199 0.013872932642698288 1558
1741818962699 0.015066799707710743 1559
1741818963199 0.010907039046287537 1560
1741818963695 0.01529638096690178 1561
1741818964198 0.009126616641879082 1562
1741818964699 0.012738964520394802 1563
1741818965200 0.010819198563694954 1564
1741818965286 0.010013307444751263 1565
1741818965780 0.009527187794446945 1566
1741818966278 0.01033842470496893 1567
1741818966775 0.008243543095886707 1568
1741818967273 0.008111150935292244 1569
1741818967767 0.0050353799015283585 1570
1741818968265 0.011009451933205128 1571
1741818968770 0.009010027162730694 1572
1741818969258 0.007539596874266863 1573
1741818969739 0.007847776636481285 1574
1741818970225 0.011275150813162327 1575
1741818970707 0.006795949302613735 1576
1741818971201 0.01007650326937437 1577
1741818971682 0.006018158979713917 1578
1741818972177 0.006154123228043318 1579
1741818972663 0.003702042391523719 1580
1741818973146 0.012098701670765877 1581
1741818973632 0.016216259449720383 1582
1741818974117 0.012975573539733887 1583
1741818974599 0.014416718855500221 1584
1741818975084 0.010660538449883461 1585
1741818975566 0.00949519407004118 1586
1741818976050 0.007456276565790176 1587
1741818976534 0.005087544210255146 1588
1741818977028 0.004784104414284229 1589
1741818977535 0.016554970294237137 1590
1741818978033 0.00639756117016077 1591
1741818978094 0.001633139792829752 1592
1741818978596 0.015795649960637093 1593
1741818979095 0.012547900900244713 1594
1741818979604 0.0042774491012096405 1595
1741818980107 0.0037652403116226196 1596
1741818980613 0.012782017700374126 1597
1741818981121 0.014583829790353775 1598
1741818981627 0.009326551109552383 1599
1741818987943 0.01486855186522007 1600
1741818988447 0.010941440239548683 1601
1741818988949 0.0076584285125136375 1602
1741818989451 0.015590612776577473 1603
1741818989957 0.0026899748481810093 1604
1741818990457 0.009537246078252792 1605
1741818990957 0.005142117850482464 1606
1741818991448 0.007561206817626953 1607
1741818991927 0.010342266410589218 1608
1741818992412 0.008069352246820927 1609
1741818992893 0.012138323858380318 1610
1741818993379 0.017522824928164482 1611
1741818993883 0.013355067931115627 1612
1741818994398 0.011675233021378517 1613
1741818994909 0.019582783803343773 1614
1741818995413 0.010043404065072536 1615
1741818995918 0.016171030700206757 1616
1741818996429 0.010530035011470318 1617
1741818996945 0.009327501058578491 1618
1741818997041 0.024121297523379326 1619
1741818997555 0.020335178822278976 1620
1741818998062 0.005391093902289867 1621
1741818998579 0.0065568117424845695 1622
1741818999095 0.015712246298789978 1623
1741818999610 0.010936176404356956 1624
1741819000120 0.007886014878749847 1625
1741819000622 0.008963977918028831 1626
1741819001128 0.02134869061410427 1627
1741819001627 0.010318038985133171 1628
1741819002126 0.006099414546042681 1629
1741819002637 0.016862278804183006 1630
1741819003173 0.02049962431192398 1631
1741819003689 0.010564494878053665 1632
1741819004205 0.06763029098510742 1633
1741819004726 0.006852384656667709 1634
1741819005244 0.010001457296311855 1635
1741819005747 0.0177028626203537 1636
1741819006236 0.010772382840514183 1637
1741819006717 0.01673734188079834 1638
1741819007198 0.010570859536528587 1639
1741819007680 0.016087215393781662 1640
1741819008170 0.01215678546577692 1641
1741819008692 0.016192752867937088 1642
1741819009177 0.011325743049383163 1643
1741819009653 0.006238515488803387 1644
1741819010133 0.019568895921111107 1645
1741819010193 0.005011727102100849 1646
1741819010674 0.009789040312170982 1647
1741819011153 0.006028170697391033 1648
1741819011628 0.015338832512497902 1649
1741819012114 0.006023148074746132 1650
1741819012587 0.019484102725982666 1651
1741819013083 0.017501484602689743 1652
1741819013562 0.01039029099047184 1653
1741819014041 0.016462160274386406 1654
1741819014519 0.008651122450828552 1655
1741819015001 0.008805309422314167 1656
1741819015491 0.009404814802110195 1657
1741819015984 0.00909558404237032 1658
1741819016470 0.01289382390677929 1659
1741819016970 0.014710750430822372 1660
1741819017487 0.006251945625990629 1661
1741819018004 0.01724710687994957 1662
1741819018515 0.010855337604880333 1663
1741819019020 0.015856429934501648 1664
1741819019539 0.004953805822879076 1665
1741819020044 0.01232299767434597 1666
1741819020552 0.009413294494152069 1667
1741819021056 0.014609431847929955 1668
1741819021565 0.011927921324968338 1669
1741819022102 0.011663311161100864 1670
1741819022608 0.016620710492134094 1671
1741819023117 0.017608804628252983 1672
1741819023206 0.011298669502139091 1673
1741819023715 0.007605132646858692 1674
1741819024232 0.003390266327187419 1675
1741819024732 0.00809887982904911 1676
1741819025245 0.013870717957615852 1677
1741819025751 0.013288691639900208 1678
1741819026271 0.0054695880971848965 1679
1741819026777 0.02142506279051304 1680
1741819027286 0.014881843701004982 1681
1741819027793 0.01634943298995495 1682
1741819028301 0.007920664735138416 1683
1741819028813 0.006742393132299185 1684
1741819029328 0.00622228067368269 1685
1741819029829 0.014283482916653156 1686
1741819030343 0.01271393895149231 1687
1741819030847 0.01355870719999075 1688
1741819031348 0.005861074198037386 1689
1741819031855 0.005096553824841976 1690
1741819032367 0.015269501134753227 1691
1741819032871 0.0075836461037397385 1692
1741819033380 0.008741014637053013 1693
1741819033884 0.006815103814005852 1694
1741819034385 0.013490745797753334 1695
1741819034890 0.009449532255530357 1696
1741819035404 0.01630892977118492 1697
1741819035917 0.003896573558449745 1698
1741819036427 0.005367588717490435 1699
1741819042278 0.002712380141019821 1700
1741819042790 0.00862942636013031 1701
1741819043292 0.011084466241300106 1702
1741819043792 0.018411125987768173 1703
1741819044295 0.007204738911241293 1704
1741819044799 0.012924954295158386 1705
1741819045307 0.003233978757634759 1706
1741819045809 0.00809494312852621 1707
1741819046309 0.014483701437711716 1708
1741819046818 0.006098027341067791 1709
1741819047326 0.010066770017147064 1710
1741819047822 0.00826635118573904 1711
1741819048320 0.009344929829239845 1712
1741819048806 0.00891832821071148 1713
1741819049298 0.010375718586146832 1714
1741819049798 0.013439511880278587 1715
1741819050293 0.00928383506834507 1716
1741819050784 0.00729377893730998 1717
1741819051280 0.015464643016457558 1718
1741819051768 0.010249719023704529 1719
1741819052258 0.007566874846816063 1720
1741819052748 0.008747371844947338 1721
1741819053242 0.014601126313209534 1722
1741819053735 0.006917701102793217 1723
1741819054226 0.016295509412884712 1724
1741819054717 0.008991874754428864 1725
1741819055224 0.013546492904424667 1726
1741819055307 0.028215020895004272 1727
1741819055784 0.009853161871433258 1728
1741819056268 0.014604011550545692 1729
1741819056749 0.01696164533495903 1730
1741819057259 0.010389321483671665 1731
1741819057739 0.006726378574967384 1732
1741819058224 0.008672906085848808 1733
1741819058701 0.007327069994062185 1734
1741819059191 0.0033586190547794104 1735
1741819059672 0.009663226082921028 1736
1741819060160 0.014492841437458992 1737
1741819060638 0.005056452471762896 1738
1741819061137 0.004342007916420698 1739
1741819061629 0.002373452065512538 1740
1741819062112 0.009247878566384315 1741
1741819062589 0.007052469998598099 1742
1741819063065 0.011983878910541534 1743
1741819063544 0.013109777122735977 1744
1741819064028 0.013221798464655876 1745
1741819064507 0.007023591082543135 1746
1741819065000 0.016359690576791763 1747
1741819065483 0.009554222226142883 1748
1741819065973 0.00816434621810913 1749
1741819066472 0.013765780255198479 1750
1741819066977 0.006204658653587103 1751
1741819067475 0.006950598210096359 1752
1741819067972 0.006304346024990082 1753
1741819068034 0.0028348800260573626 1754
1741819068534 0.00481884041801095 1755
1741819069041 0.010778499767184258 1756
1741819069521 0.005208324640989304 1757
1741819070003 0.008670084178447723 1758
1741819070488 0.008584437891840935 1759
1741819070971 0.012445241212844849 1760
1741819071459 0.009683236479759216 1761
1741819071940 0.010876519605517387 1762
1741819072445 0.01630285382270813 1763
1741819072944 0.007227192632853985 1764
1741819073426 0.013548620976507664 1765
1741819073907 0.008066242560744286 1766
1741819074400 0.014071302488446236 1767
1741819074877 0.013689925894141197 1768
1741819075367 0.007193559780716896 1769
1741819075862 0.015225695446133614 1770
1741819076341 0.011737735942006111 1771
1741819076823 0.008875097148120403 1772
1741819077308 0.007461060769855976 1773
1741819077790 0.014090137556195259 1774
1741819078293 0.011100939474999905 1775
1741819078817 0.00970903318375349 1776
1741819079340 0.011322500184178352 1777
1741819079858 0.009862864390015602 1778
1741819080342 0.007099470589309931 1779
1741819080824 0.010539554059505463 1780
1741819080910 0.05188721790909767 1781
1741819081411 0.014377344399690628 1782
1741819081903 0.004438778851181269 1783
1741819082391 0.007391070947051048 1784
1741819082874 0.009986466728150845 1785
1741819083361 0.005316374823451042 1786
1741819083851 0.005634899251163006 1787
1741819084333 0.011032603681087494 1788
1741819084819 0.007736705243587494 1789
1741819085316 0.01663149520754814 1790
1741819085807 0.010036054067313671 1791
1741819086303 0.0067051369696855545 1792
1741819086791 0.02178841456770897 1793
1741819087286 0.00819290429353714 1794
1741819087791 0.005763761233538389 1795
1741819088276 0.010133231990039349 1796
1741819088759 0.00410387571901083 1797
1741819089245 0.006555285770446062 1798
1741819089732 0.013794399797916412 1799
1741819095834 0.013199808076024055 1800
1741819096331 0.014445571228861809 1801
1741819096828 0.015116252936422825 1802
1741819097322 0.007463280111551285 1803
1741819097800 0.0035482379607856274 1804
1741819098285 0.006718045566231012 1805
1741819098769 0.025475550442934036 1806
1741819099262 0.013561905361711979 1807
1741819099323 0.002341114915907383 1808
1741819099799 0.01154731772840023 1809
1741819100288 0.008815068751573563 1810
1741819100769 0.005530324764549732 1811
1741819101264 0.018296580761671066 1812
1741819101756 0.014786222949624062 1813
1741819102264 0.011232871562242508 1814
1741819102746 0.009749628603458405 1815
1741819103231 0.015589432790875435 1816
1741819103714 0.003832519520074129 1817
1741819104208 0.011297561228275299 1818
1741819104695 0.006482317112386227 1819
1741819105183 0.009006363339722157 1820
1741819105668 0.011381969787180424 1821
1741819106157 0.009184923022985458 1822
1741819106638 0.018688712269067764 1823
1741819107121 0.005343422293663025 1824
1741819107604 0.008371317759156227 1825
1741819108101 0.006925978697836399 1826
1741819108584 0.013363954611122608 1827
1741819109081 0.013394232839345932 1828
1741819109576 0.012478994205594063 1829
1741819110058 0.020240087062120438 1830
1741819110542 0.003421154571697116 1831
1741819111026 0.014322908595204353 1832
1741819111513 0.007292177528142929 1833
1741819111998 0.011745454743504524 1834
1741819112083 0.010713312774896622 1835
1741819112563 0.004137248732149601 1836
1741819113052 0.016183629631996155 1837
1741819113537 0.008627476170659065 1838
1741819114030 0.005329212173819542 1839
1741819114521 0.014650344848632812 1840
1741819115009 0.012644798494875431 1841
1741819115496 0.007719963788986206 1842
1741819115980 0.0032727615907788277 1843
1741819116465 0.01871068961918354 1844
1741819116950 0.01556362397968769 1845
1741819117439 0.011262885294854641 1846
1741819117933 0.015130579471588135 1847
1741819118419 0.008430845104157925 1848
1741819118902 0.0049957772716879845 1849
1741819119395 0.015828171744942665 1850
1741819119893 0.010750696994364262 1851
1741819120402 0.014466488733887672 1852
1741819120887 0.017104877158999443 1853
1741819121377 0.006825410760939121 1854
1741819121859 0.01399318315088749 1855
1741819122349 0.008975809440016747 1856
1741819122836 0.01151124108582735 1857
1741819123334 0.010797147639095783 1858
1741819123819 0.0074232155457139015 1859
1741819124315 0.007989350706338882 1860
1741819124814 0.010551690123975277 1861
1741819124875 0.001662715687416494 1862
1741819125373 0.006279139779508114 1863
1741819125884 0.01373584009706974 1864
1741819126386 0.011946186423301697 1865
1741819126890 0.009716970846056938 1866
1741819127381 0.0064358399249613285 1867
1741819127876 0.0059113516472280025 1868
1741819128375 0.010934744030237198 1869
1741819128883 0.006244377698749304 1870
1741819129396 0.00492582842707634 1871
1741819129888 0.005972679238766432 1872
1741819130382 0.012165816500782967 1873
1741819130877 0.009420918300747871 1874
1741819131374 0.004566209856420755 1875
1741819131872 0.009120666421949863 1876
1741819132360 0.009599334560334682 1877
1741819132843 0.007491272874176502 1878
1741819133327 0.0051480443216860294 1879
1741819133810 0.007599659264087677 1880
1741819134303 0.011663318611681461 1881
1741819134803 0.00539564061909914 1882
1741819135299 0.011165197938680649 1883
1741819135793 0.011627224273979664 1884
1741819136280 0.005886337719857693 1885
1741819136763 0.005523601081222296 1886
1741819137255 0.011809133924543858 1887
1741819137762 0.00829741545021534 1888
1741819137848 0.008760763332247734 1889
1741819138343 0.00796627439558506 1890
1741819138826 0.009801344014704227 1891
1741819139313 0.012524127960205078 1892
1741819139796 0.013928092084825039 1893
1741819140283 0.01414807140827179 1894
1741819140766 0.012436652556061745 1895
1741819141252 0.005453398451209068 1896
1741819141750 0.00657851155847311 1897
1741819142242 0.005998152308166027 1898
1741819142723 0.010050500743091106 1899
1741819148671 0.014822930097579956 1900
1741819149150 0.002700867597013712 1901
1741819149627 0.012563059106469154 1902
1741819150110 0.0049018338322639465 1903
1741819150590 0.006870451383292675 1904
1741819151073 0.00460454635322094 1905
1741819151551 0.010303371585905552 1906
1741819152030 0.007150971796363592 1907
1741819152511 0.011714855208992958 1908
1741819152989 0.008676859550178051 1909
1741819153475 0.0076869879849255085 1910
1741819153967 0.009966643527150154 1911
1741819154454 0.006203137803822756 1912
1741819154936 0.005843315273523331 1913
1741819155426 0.008469301275908947 1914
1741819155919 0.00560670904815197 1915
1741819155980 0.0016747748013585806 1916
1741819156459 0.010738570243120193 1917
1741819156944 0.009453106671571732 1918
1741819157430 0.012336678802967072 1919
1741819157913 0.011172875761985779 1920
1741819158403 0.00777038186788559 1921
1741819158882 0.0044851405546069145 1922
1741819159375 0.009433876723051071 1923
1741819159853 0.021473191678524017 1924
1741819160344 0.009262108244001865 1925
1741819160827 0.014708444476127625 1926
1741819161324 0.005718707572668791 1927
1741819161807 0.008477484807372093 1928
1741819162301 0.011624546721577644 1929
1741819162791 0.010571097023785114 1930
1741819163278 0.007306765764951706 1931
1741819163770 0.009210042655467987 1932
1741819164266 0.00996327493339777 1933
1741819164775 0.010382374748587608 1934
1741819165289 0.010028643533587456 1935
1741819165795 0.009274881333112717 1936
1741819166297 0.009102707728743553 1937
1741819166787 0.008139952085912228 1938
1741819167278 0.00861683115363121 1939
1741819167772 0.013006975874304771 1940
1741819168274 0.008605103008449078 1941
1741819168760 0.010409310460090637 1942
1741819168843 0.021216534078121185 1943
1741819169331 0.013028223067522049 1944
1741819169813 0.013332723639905453 1945
1741819170296 0.009555777534842491 1946
1741819170786 0.011485743336379528 1947
1741819171277 0.020079215988516808 1948
1741819171766 0.00995474774390459 1949
1741819172266 0.01158669963479042 1950
1741819172754 0.006081116385757923 1951
1741819173251 0.008100513368844986 1952
1741819173744 0.005092307459563017 1953
1741819174237 0.004048509988933802 1954
1741819174720 0.013080574572086334 1955
1741819175228 0.011252839118242264 1956
1741819175736 0.007295325398445129 1957
1741819176248 0.01569422148168087 1958
1741819176753 0.010252081789076328 1959
1741819177265 0.010301977396011353 1960
1741819177770 0.016232198104262352 1961
1741819178281 0.006637421436607838 1962
1741819178787 0.010903365910053253 1963
1741819179304 0.008011123165488243 1964
1741819179835 0.011941151693463326 1965
1741819180349 0.011346851475536823 1966
1741819180847 0.0025878872256726027 1967
1741819181354 0.01237594336271286 1968
1741819181862 0.010294619016349316 1969
1741819181924 0.0017847107956185937 1970
1741819182430 0.0060683623887598515 1971
1741819182933 0.007044576108455658 1972
1741819183457 0.006727113388478756 1973
1741819183967 0.011637577787041664 1974
1741819184475 0.01830654963850975 1975
1741819184984 0.01465115137398243 1976
1741819185503 0.009973853826522827 1977
1741819186014 0.009846841916441917 1978
1741819186514 0.005401529371738434 1979
1741819187020 0.008571329526603222 1980
1741819187520 0.06659318506717682 1981
1741819188014 0.011827470734715462 1982
1741819188511 0.009678173810243607 1983
1741819189006 0.009860493242740631 1984
1741819189514 0.007938326336443424 1985
1741819190018 0.00869864784181118 1986
1741819190526 0.012522775679826736 1987
1741819191048 0.006120400503277779 1988
1741819191666 0.009301863610744476 1989
1741819192248 0.01340700127184391 1990
1741819192807 0.00826156884431839 1991
1741819193392 0.007873515598475933 1992
1741819193950 0.021377867087721825 1993
1741819194510 0.010040468536317348 1994
1741819195107 0.016639621928334236 1995
1741819195676 0.006935312412679195 1996
1741819195806 0.020480208098888397 1997
1741819196412 0.006360331550240517 1998
1741819197027 0.013263776898384094 1999
