1741818032958 0.596184492111206 0
1741818033860 0.5815812349319458 1
1741818034874 0.5735045075416565 2
1741818035816 0.5460070967674255 3
1741818036728 0.5368688702583313 4
1741818037725 0.5137858390808105 5
1741818038394 0.4894275367259979 6
1741818039003 0.47386977076530457 7
1741818039614 0.4476642906665802 8
1741818040224 0.43456125259399414 9
1741818040812 0.3974986970424652 10
1741818042004 0.38855600357055664 11
1741818042812 0.36058005690574646 12
1741818043559 0.34584474563598633 13
1741818044283 0.32417190074920654 14
1741818044901 0.2929737865924835 15
1741818045548 0.2755243182182312 16
1741818046256 0.26144951581954956 17
1741818046890 0.24346862733364105 18
1741818047694 0.23372416198253632 19
1741818048506 0.21224910020828247 20
1741818049333 0.19438986480236053 21
1741818050148 0.18640795350074768 22
1741818050996 0.16832731664180756 23
1741818051797 0.16021189093589783 24
1741818052724 0.15015903115272522 25
1741818052893 0.13283157348632812 26
1741818053716 0.1333151012659073 27
1741818054539 0.11611761152744293 28
1741818055382 0.10741648077964783 29
1741818056286 0.10353748500347137 30
1741818057104 0.09350225329399109 31
1741818057949 0.11097018420696259 32
1741818058815 0.08278054744005203 33
1741818059663 0.09202578663825989 34
1741818060486 0.08689698576927185 35
1741818061287 0.09105144441127777 36
1741818062195 0.07125940918922424 37
1741818063029 0.05446615070104599 38
1741818063706 0.0974893569946289 39
1741818064336 0.056648969650268555 40
1741818064969 0.08908399939537048 41
1741818065570 0.06504752486944199 42
1741818066163 0.06895928084850311 43
1741818066763 0.06883145868778229 44
1741818067363 0.064176544547081 45
1741818068016 0.05360136553645134 46
1741818068621 0.05671067535877228 47
1741818069223 0.04201323539018631 48
1741818069836 0.04328608140349388 49
1741818070457 0.03905968368053436 50
1741818071030 0.032704658806324005 51
1741818071625 0.03758470341563225 52
1741818071745 0.1878785789012909 53
1741818072364 0.06837286055088043 54
1741818072998 0.06299538165330887 55
1741818073643 0.12598276138305664 56
1741818074267 0.06986406445503235 57
1741818074872 0.0761898010969162 58
1741818075487 0.06145620718598366 59
1741818076096 0.05582374334335327 60
1741818076707 0.045068785548210144 61
1741818077319 0.04713086038827896 62
1741818077925 0.03555985540151596 63
1741818078535 0.04015565663576126 64
1741818079161 0.041283003985881805 65
1741818079778 0.03913162276148796 66
1741818080414 0.040864333510398865 67
1741818081037 0.03572913259267807 68
1741818081625 0.044693198055028915 69
1741818082223 0.04558742046356201 70
1741818082836 0.03861791640520096 71
1741818083435 0.029570650309324265 72
1741818084041 0.037099700421094894 73
1741818084646 0.02696007862687111 74
1741818085246 0.03907818719744682 75
1741818085858 0.029748864471912384 76
1741818086434 0.03468732163310051 77
1741818087037 0.03257123380899429 78
1741818087638 0.03234836459159851 79
1741818087723 0.018566668033599854 80
1741818088341 0.04431828856468201 81
1741818088960 0.03125148266553879 82
1741818089565 0.03370171785354614 83
1741818090157 0.04034710302948952 84
1741818090767 0.037650834769010544 85
1741818091382 0.03605193644762039 86
1741818092000 0.031573839485645294 87
1741818092618 0.03042876161634922 88
1741818093225 0.028293287381529808 89
1741818093858 0.02500227838754654 90
1741818094463 0.02945733070373535 91
1741818095067 0.025229012593626976 92
1741818095670 0.02379193902015686 93
1741818096264 0.029064320027828217 94
1741818096908 0.0184037908911705 95
1741818097547 0.029109658673405647 96
1741818098164 0.04890177771449089 97
1741818098779 0.026568464934825897 98
1741818099363 0.03415156528353691 99
1741818111218 0.02957392856478691 100
1741818112002 0.03115192800760269 101
1741818112892 0.03151308372616768 102
1741818113707 0.030378874391317368 103
1741818114500 0.038449905812740326 104
1741818115334 0.030932394787669182 105
1741818116240 0.02935827523469925 106
1741818116459 0.027640022337436676 107
1741818117296 0.023705363273620605 108
1741818118345 0.022170361131429672 109
1741818119246 0.029693596065044403 110
1741818120108 0.029282473027706146 111
1741818120963 0.03681863471865654 112
1741818121870 0.027296386659145355 113
1741818122641 0.03375569358468056 114
1741818123446 0.03265459090471268 115
1741818124270 0.03329390287399292 116
1741818125100 0.027365341782569885 117
1741818125909 0.03209301084280014 118
1741818126704 0.0273358765989542 119
1741818127499 0.02203477919101715 120
1741818128302 0.0347973108291626 121
1741818129128 0.02261951006948948 122
1741818129950 0.03562721610069275 123
1741818130762 0.02690749615430832 124
1741818131522 0.025075357407331467 125
1741818132343 0.02140462026000023 126
1741818133236 0.028189513832330704 127
1741818134062 0.029865741729736328 128
1741818134819 0.027276398614048958 129
1741818135609 0.021528445184230804 130
1741818136442 0.034339841455221176 131
1741818137199 0.028006378561258316 132
1741818137974 0.029021751135587692 133
1741818138067 0.008973010815680027 134
1741818138835 0.019715897738933563 135
1741818139630 0.028672076761722565 136
1741818140513 0.025524159893393517 137
1741818141311 0.022108355537056923 138
1741818142098 0.017931781709194183 139
1741818142922 0.025009237229824066 140
1741818143625 0.027921002358198166 141
1741818144217 0.0244385227560997 142
1741818144798 0.027339357882738113 143
1741818145374 0.03663645684719086 144
1741818145952 0.02121109515428543 145
1741818146542 0.02747795358300209 146
1741818147125 0.01783212274312973 147
1741818147704 0.026080135256052017 148
1741818148291 0.03008965775370598 149
1741818148873 0.02675553597509861 150
1741818149442 0.030554400756955147 151
1741818150032 0.02294835075736046 152
1741818150645 0.021177439019083977 153
1741818151225 0.024972479790449142 154
1741818151820 0.016865013167262077 155
1741818152401 0.02259066142141819 156
1741818152967 0.01681673526763916 157
1741818153557 0.023367933928966522 158
1741818154145 0.022213485091924667 159
1741818154721 0.01885078474879265 160
1741818154834 0.033546894788742065 161
1741818155404 0.023766642436385155 162
1741818155976 0.016110513359308243 163
1741818156610 0.02405403181910515 164
1741818157166 0.014664346352219582 165
1741818157741 0.020346568897366524 166
1741818158320 0.016647862270474434 167
1741818158905 0.02429881878197193 168
1741818159497 0.01881697215139866 169
1741818160080 0.031396038830280304 170
1741818160664 0.02314012125134468 171
1741818161238 0.01602690853178501 172
1741818161824 0.03184240683913231 173
1741818162425 0.031924743205308914 174
1741818163006 0.029123429208993912 175
1741818163582 0.023733098059892654 176
1741818164158 0.02596944011747837 177
1741818164734 0.020004548132419586 178
1741818165305 0.028849836438894272 179
1741818165880 0.02801656723022461 180
1741818166444 0.02370213344693184 181
1741818167009 0.0348820760846138 182
1741818167598 0.036159269511699677 183
1741818168167 0.03272760659456253 184
1741818168737 0.021187352016568184 185
1741818169324 0.02192906104028225 186
1741818169890 0.025175806134939194 187
1741818169959 0.009643401950597763 188
1741818170540 0.04695049300789833 189
1741818171123 0.0211343914270401 190
1741818171696 0.023653052747249603 191
1741818172273 0.031908683478832245 192
1741818172871 0.03157837688922882 193
1741818173437 0.03424675017595291 194
1741818174016 0.024757158011198044 195
1741818174606 0.03169640898704529 196
1741818175198 0.03193003311753273 197
1741818175797 0.03004012629389763 198
1741818176374 0.018235551193356514 199
1741818187609 0.030782662332057953 200
1741818188391 0.020914942026138306 201
1741818189191 0.027354411780834198 202
1741818189980 0.027483275160193443 203
1741818190808 0.025500835850834846 204
1741818191624 0.020795058459043503 205
1741818192407 0.024920755997300148 206
1741818193212 0.027830112725496292 207
1741818194032 0.02069942094385624 208
1741818194816 0.0287626963108778 209
1741818195637 0.03223734349012375 210
1741818196465 0.034908734261989594 211
1741818197270 0.031818099319934845 212
1741818198080 0.03243725001811981 213
1741818198883 0.03689222037792206 214
1741818199091 0.03126659244298935 215
1741818199881 0.04685986042022705 216
1741818200749 0.02080634981393814 217
1741818201548 0.02236495353281498 218
1741818202353 0.023444823920726776 219
1741818203167 0.03729722276329994 220
1741818203986 0.021962109953165054 221
1741818204801 0.028098516166210175 222
1741818205610 0.014604518190026283 223
1741818206429 0.02059609442949295 224
1741818207236 0.019802579656243324 225
1741818208031 0.0260865930467844 226
1741818208867 0.023115281015634537 227
1741818209665 0.02873457595705986 228
1741818210437 0.02544533461332321 229
1741818211295 0.02697945572435856 230
1741818212051 0.022005312144756317 231
1741818212782 0.018864452838897705 232
1741818213545 0.039902202785015106 233
1741818214330 0.021689601242542267 234
1741818215128 0.02629532292485237 235
1741818215871 0.030950479209423065 236
1741818216599 0.031093871220946312 237
1741818217402 0.026167631149291992 238
1741818218164 0.027365829795598984 239
1741818218940 0.017777811735868454 240
1741818219494 0.020404718816280365 241
1741818219563 0.014208676293492317 242
1741818220141 0.013216066174209118 243
1741818220703 0.019428808242082596 244
1741818221251 0.01680891402065754 245
1741818221814 0.02601737156510353 246
1741818222378 0.027117276564240456 247
1741818222953 0.015269475057721138 248
1741818223506 0.02833487279713154 249
1741818224095 0.03166649490594864 250
1741818224667 0.013184379786252975 251
1741818225241 0.023543842136859894 252
1741818225804 0.03291802853345871 253
1741818226384 0.01773834601044655 254
1741818226944 0.014527056366205215 255
1741818227537 0.019208591431379318 256
1741818228114 0.027407020330429077 257
1741818228700 0.023917242884635925 258
1741818229275 0.025236573070287704 259
1741818229862 0.0287881288677454 260
1741818230440 0.029301341623067856 261
1741818231062 0.029549546539783478 262
1741818231639 0.015378530137240887 263
1741818232233 0.03196948394179344 264
1741818232827 0.017234519124031067 265
1741818233395 0.024201758205890656 266
1741818233962 0.023065224289894104 267
1741818234513 0.01586858741939068 268
1741818234616 0.010195557028055191 269
1741818235186 0.024228069931268692 270
1741818235765 0.023602692410349846 271
1741818236343 0.032851822674274445 272
1741818236988 0.023731723427772522 273
1741818237574 0.021367132663726807 274
1741818238136 0.03324122354388237 275
1741818238702 0.023638291284441948 276
1741818239279 0.035507358610630035 277
1741818239858 0.02650313451886177 278
1741818240443 0.023227157071232796 279
1741818241044 0.02446414902806282 280
1741818241671 0.025392189621925354 281
1741818242322 0.021380214020609856 282
1741818242999 0.010141166858375072 283
1741818243647 0.030927065759897232 284
1741818244267 0.028817523270845413 285
1741818244847 0.022500386461615562 286
1741818245443 0.02041645161807537 287
1741818246051 0.028818178921937943 288
1741818246648 0.021561285480856895 289
1741818247243 0.02278974838554859 290
1741818247838 0.039156097918748856 291
1741818248414 0.021432727575302124 292
1741818249010 0.01580992341041565 293
1741818249615 0.022053901106119156 294
1741818250212 0.024232100695371628 295
1741818250283 0.013441914692521095 296
1741818250887 0.02268814481794834 297
1741818251489 0.02256103605031967 298
1741818252085 0.03169557452201843 299
1741818262942 0.01486249454319477 300
1741818263753 0.01792280003428459 301
1741818264548 0.021273326128721237 302
1741818265335 0.028119022026658058 303
1741818266127 0.027995485812425613 304
1741818266900 0.027566038072109222 305
1741818267709 0.027331363409757614 306
1741818268627 0.021916374564170837 307
1741818269434 0.026613641530275345 308
1741818270306 0.02408481203019619 309
1741818271097 0.02225033938884735 310
1741818271909 0.025255396962165833 311
1741818272730 0.033771056681871414 312
1741818273580 0.027783788740634918 313
1741818274410 0.016768842935562134 314
1741818275233 0.017480943351984024 315
1741818276042 0.012273093685507774 316
1741818276816 0.023233037441968918 317
1741818277669 0.028557024896144867 318
1741818278497 0.019046345725655556 319
1741818279325 0.023038087412714958 320
1741818280095 0.026486575603485107 321
1741818280896 0.019386103376746178 322
1741818281070 0.044701650738716125 323
1741818281879 0.022114891558885574 324
1741818282693 0.02688656374812126 325
1741818283553 0.028854025527834892 326
1741818284335 0.02615249715745449 327
1741818285130 0.02423727512359619 328
1741818285923 0.022915754467248917 329
1741818286764 0.024445660412311554 330
1741818287560 0.020296165719628334 331
1741818288358 0.02610199898481369 332
1741818289138 0.02660493738949299 333
1741818289930 0.01815664954483509 334
1741818290663 0.020131651312112808 335
1741818291436 0.015229093842208385 336
1741818292229 0.012760750018060207 337
1741818293062 0.026321519166231155 338
1741818293848 0.027565598487854004 339
1741818294628 0.01901583932340145 340
1741818295409 0.026684843003749847 341
1741818296023 0.02457548677921295 342
1741818296621 0.016975397244095802 343
1741818297213 0.016971098259091377 344
1741818297802 0.022431904450058937 345
1741818298439 0.018634166568517685 346
1741818299022 0.010401424020528793 347
1741818299623 0.018929630517959595 348
1741818300226 0.057724032551050186 349
1741818300294 0.007294831331819296 350
1741818300888 0.035226840525865555 351
1741818301479 0.025030773133039474 352
1741818302081 0.021226845681667328 353
1741818302674 0.023379815742373466 354
1741818303264 0.035242170095443726 355
1741818303855 0.023829028010368347 356
1741818304441 0.025945717468857765 357
1741818305040 0.0403902605175972 358
1741818305625 0.032385483384132385 359
1741818306194 0.025788970291614532 360
1741818306764 0.024451568722724915 361
1741818307348 0.02172384411096573 362
1741818307944 0.025303762406110764 363
1741818308543 0.021478457376360893 364
1741818309125 0.024460216984152794 365
1741818309726 0.027813773602247238 366
1741818310319 0.020492352545261383 367
1741818310924 0.01922253519296646 368
1741818311521 0.01571347936987877 369
1741818312120 0.015552204102277756 370
1741818312715 0.014123702421784401 371
1741818313302 0.021304618567228317 372
1741818313898 0.017951328307390213 373
1741818314463 0.018509240821003914 374
1741818315029 0.02448880672454834 375
1741818315618 0.02020074985921383 376
1741818315731 0.05813515931367874 377
1741818316320 0.02722739428281784 378
1741818316917 0.02081170491874218 379
1741818317507 0.021596413105726242 380
1741818318087 0.03761155158281326 381
1741818318664 0.019407164305448532 382
1741818319236 0.03340797498822212 383
1741818319864 0.021440662443637848 384
1741818320443 0.02392842434346676 385
1741818321020 0.0312228761613369 386
1741818321619 0.019944559782743454 387
1741818322222 0.013592474162578583 388
1741818322824 0.055029138922691345 389
1741818323399 0.02027464658021927 390
1741818323988 0.021920260041952133 391
1741818324551 0.01725148595869541 392
1741818325146 0.02684057503938675 393
1741818325746 0.013668067753314972 394
1741818326324 0.02325284108519554 395
1741818326896 0.0234389528632164 396
1741818327516 0.02761530876159668 397
1741818328125 0.028147349134087563 398
1741818328748 0.028330743312835693 399
1741818339121 0.022815153002738953 400
1741818339932 0.022992653772234917 401
1741818340759 0.031138841062784195 402
1741818341530 0.03124360926449299 403
1741818341627 0.004438526928424835 404
1741818342431 0.02033608965575695 405
1741818343275 0.018102342262864113 406
1741818344096 0.021193701773881912 407
1741818344911 0.024166813120245934 408
1741818345746 0.017596859484910965 409
1741818346668 0.02041032537817955 410
1741818347591 0.01812521182000637 411
1741818348717 0.0260730292648077 412
1741818349900 0.012079322710633278 413
1741818350887 0.0230595450848341 414
1741818351882 0.01665974222123623 415
1741818353099 0.019513051956892014 416
1741818354115 0.017497209832072258 417
1741818355140 0.021046273410320282 418
1741818356159 0.02963891625404358 419
1741818357106 0.010825365781784058 420
1741818357631 0.019260872155427933 421
1741818358104 0.011078952811658382 422
1741818358580 0.01423913799226284 423
1741818359053 0.018567852675914764 424
1741818359529 0.01182137057185173 425
1741818360003 0.022443609312176704 426
1741818360495 0.010456930845975876 427
1741818360988 0.017431583255529404 428
1741818361467 0.016441866755485535 429
1741818361946 0.013198420405387878 430
1741818362035 0.029226239770650864 431
1741818362507 0.02349775843322277 432
1741818362987 0.017230357974767685 433
1741818363467 0.016417859122157097 434
1741818363955 0.026004455983638763 435
1741818364426 0.011845267377793789 436
1741818364913 0.024256160482764244 437
1741818365414 0.015828289091587067 438
1741818365888 0.01807153970003128 439
1741818366373 0.01675969921052456 440
1741818366844 0.029567549005150795 441
1741818367327 0.02418803609907627 442
1741818367804 0.009546004235744476 443
1741818368302 0.02508775144815445 444
1741818368793 0.017266739159822464 445
1741818369267 0.021852310746908188 446
1741818369741 0.022839415818452835 447
1741818370219 0.02909473516047001 448
1741818370710 0.019094213843345642 449
1741818371190 0.022769870236516 450
1741818371668 0.01529235951602459 451
1741818372141 0.020382095128297806 452
1741818372620 0.028509657829999924 453
1741818373094 0.021771971136331558 454
1741818373583 0.02155238762497902 455
1741818374075 0.021540142595767975 456
1741818374550 0.022127997130155563 457
1741818374610 0.015018519014120102 458
1741818375087 0.014948975294828415 459
1741818375563 0.020642738789319992 460
1741818376038 0.01964840665459633 461
1741818376515 0.020250540226697922 462
1741818377008 0.02353735640645027 463
1741818377489 0.016924045979976654 464
1741818377963 0.007598902564495802 465
1741818378443 0.015111253596842289 466
1741818378946 0.01836678571999073 467
1741818379454 0.014552349224686623 468
1741818379948 0.022577818483114243 469
1741818380460 0.01363135501742363 470
1741818380955 0.02137235552072525 471
1741818381443 0.022449379786849022 472
1741818381934 0.014030382968485355 473
1741818382434 0.017420034855604172 474
1741818382923 0.01781236194074154 475
1741818383418 0.01727953739464283 476
1741818383910 0.023780345916748047 477
1741818384415 0.009276464581489563 478
1741818384911 0.01982196792960167 479
1741818385404 0.021446432918310165 480
1741818385896 0.023339970037341118 481
1741818386402 0.023396356031298637 482
1741818386913 0.02336461842060089 483
1741818387387 0.025566376745700836 484
1741818387469 0.029032595455646515 485
1741818387940 0.014661240391433239 486
1741818388459 0.025559889152646065 487
1741818388959 0.024827411398291588 488
1741818389435 0.018682874739170074 489
1741818389912 0.018870549276471138 490
1741818390409 0.024641703814268112 491
1741818390880 0.02235734462738037 492
1741818391394 0.02703634649515152 493
1741818391867 0.01741698384284973 494
1741818392339 0.026950784027576447 495
1741818392821 0.027100548148155212 496
1741818393298 0.020796911790966988 497
1741818393771 0.022397957742214203 498
1741818394254 0.020389294251799583 499
1741818400191 0.027200065553188324 500
1741818400683 0.02164379134774208 501
1741818401177 0.034807074815034866 502
1741818401683 0.01205926202237606 503
1741818402176 0.01473667286336422 504
1741818402654 0.030911024659872055 505
1741818403144 0.01579420641064644 506
1741818403634 0.03116809017956257 507
1741818404118 0.019529657438397408 508
1741818404602 0.019103940576314926 509
1741818405100 0.023910503834486008 510
1741818405600 0.019261762499809265 511
1741818405672 0.013885961845517159 512
1741818406159 0.02096569910645485 513
1741818406637 0.020175917074084282 514
1741818407115 0.01693570241332054 515
1741818407593 0.016856394708156586 516
1741818408073 0.018139034509658813 517
1741818408565 0.019157487899065018 518
1741818409060 0.014680694788694382 519
1741818409531 0.020840734243392944 520
1741818410002 0.018625568598508835 521
1741818410476 0.010962443426251411 522
1741818410953 0.02628321200609207 523
1741818411432 0.018568016588687897 524
1741818411911 0.01840931922197342 525
1741818412389 0.03481403738260269 526
1741818412882 0.02414340153336525 527
1741818413363 0.020737215876579285 528
1741818413853 0.012511997483670712 529
1741818414366 0.018504630774259567 530
1741818414862 0.008965877816081047 531
1741818415382 0.022389378398656845 532
1741818415880 0.020282220095396042 533
1741818416381 0.01666012406349182 534
1741818416868 0.016972020268440247 535
1741818417365 0.018580295145511627 536
1741818417848 0.01608932390809059 537
1741818418339 0.019374025985598564 538
1741818418426 0.03805457055568695 539
1741818418926 0.017133332788944244 540
1741818419443 0.016043376177549362 541
1741818419942 0.02403918467462063 542
1741818420455 0.017023872584104538 543
1741818420951 0.013869451358914375 544
1741818421455 0.018974171951413155 545
1741818421963 0.0708250030875206 546
1741818422464 0.024010496214032173 547
1741818422963 0.023843765258789062 548
1741818423481 0.026873236522078514 549
1741818423979 0.023454543203115463 550
1741818424504 0.018518954515457153 551
1741818424994 0.022427743300795555 552
1741818425489 0.022978058084845543 553
1741818426002 0.01577085070312023 554
1741818426488 0.014997308142483234 555
1741818426974 0.02722693793475628 556
1741818427461 0.020396528765559196 557
1741818427953 0.023340964689850807 558
1741818428442 0.04664246737957001 559
1741818428929 0.01724226027727127 560
1741818429416 0.019705206155776978 561
1741818429915 0.04961508512496948 562
1741818430406 0.034322429448366165 563
1741818430895 0.023848243057727814 564
1741818431386 0.02445242367684841 565
1741818431447 0.011468875221908092 566
1741818431934 0.027286358177661896 567
1741818432425 0.020586861297488213 568
1741818432926 0.02339373528957367 569
1741818433425 0.0219488013535738 570
1741818433923 0.013842219486832619 571
1741818434432 0.020362844690680504 572
1741818434929 0.018007425591349602 573
1741818435430 0.023622700944542885 574
1741818435929 0.026092946529388428 575
1741818436433 0.02286611869931221 576
1741818436918 0.013470045290887356 577
1741818437411 0.014272822998464108 578
1741818437898 0.0169289018958807 579
1741818438387 0.020663730800151825 580
1741818438883 0.034755174070596695 581
1741818439387 0.0214399341493845 582
1741818439882 0.023758497089147568 583
1741818440384 0.02310367301106453 584
1741818440873 0.016962140798568726 585
1741818441357 0.015096531249582767 586
1741818441843 0.04185319319367409 587
1741818442335 0.018174681812524796 588
1741818442830 0.029369181022047997 589
1741818443352 0.0228949636220932 590
1741818443856 0.022571571171283722 591
1741818444344 0.02480951137840748 592
1741818444430 0.04605551064014435 593
1741818444919 0.017025819048285484 594
1741818445411 0.02164703793823719 595
1741818445918 0.020744843408465385 596
1741818446407 0.01912577450275421 597
1741818446896 0.023323092609643936 598
1741818447386 0.018940910696983337 599
1741818453392 0.027143312618136406 600
1741818453895 0.02551613561809063 601
1741818454387 0.0249142087996006 602
1741818454871 0.017188934609293938 603
1741818455358 0.023577675223350525 604
1741818455844 0.014248981140553951 605
1741818456343 0.018189027905464172 606
1741818456837 0.02779388055205345 607
1741818457331 0.01948741264641285 608
1741818457817 0.014759057201445103 609
1741818458304 0.018701089546084404 610
1741818458791 0.016886508092284203 611
1741818459286 0.00868704542517662 612
1741818459767 0.016635220497846603 613
1741818460250 0.014655353501439095 614
1741818460725 0.014693532139062881 615
1741818461203 0.009110046550631523 616
1741818461699 0.01922568678855896 617
1741818462196 0.01936952769756317 618
1741818462675 0.03639664128422737 619
1741818462735 0.004641378298401833 620
1741818463242 0.015527909621596336 621
1741818463717 0.008096946403384209 622
1741818464193 0.02033720351755619 623
1741818464668 0.01671246811747551 624
1741818465142 0.019616851583123207 625
1741818465640 0.02189164236187935 626
1741818466120 0.014185329899191856 627
1741818466617 0.02211538702249527 628
1741818467097 0.019464213401079178 629
1741818467577 0.02617703750729561 630
1741818468065 0.02897641807794571 631
1741818468561 0.019523072987794876 632
1741818469049 0.030362311750650406 633
1741818469527 0.022535817697644234 634
1741818470010 0.02313598245382309 635
1741818470484 0.02112708054482937 636
1741818470955 0.020539557561278343 637
1741818471432 0.010439792647957802 638
1741818471901 0.025569964200258255 639
1741818472379 0.022850431501865387 640
1741818472873 0.015757035464048386 641
1741818473387 0.02471446618437767 642
1741818473875 0.04258307069540024 643
1741818474366 0.017452318221330643 644
1741818474839 0.02424430660903454 645
1741818475312 0.01467818208038807 646
1741818475396 0.027061138302087784 647
1741818475903 0.031501688063144684 648
1741818476385 0.024731894955039024 649
1741818476857 0.017556749284267426 650
1741818477332 0.0220225490629673 651
1741818477803 0.016830824315547943 652
1741818478306 0.01633058302104473 653
1741818478788 0.012532684952020645 654
1741818479259 0.016152020543813705 655
1741818479734 0.017962949350476265 656
1741818480216 0.016986604779958725 657
1741818480709 0.01832834631204605 658
1741818481189 0.013860717415809631 659
1741818481669 0.01600029692053795 660
1741818482140 0.018113240599632263 661
1741818482617 0.016506848856806755 662
1741818483096 0.02162632718682289 663
1741818483579 0.023560190573334694 664
1741818484054 0.019782861694693565 665
1741818484528 0.029105329886078835 666
1741818484999 0.02040298841893673 667
1741818485492 0.028986655175685883 668
1741818485982 0.019002649933099747 669
1741818486463 0.01621350646018982 670
1741818486936 0.01703282818198204 671
1741818487411 0.017019756138324738 672
1741818487891 0.019162803888320923 673
1741818487950 0.005333117209374905 674
1741818488433 0.011334886774420738 675
1741818488922 0.016605697572231293 676
1741818489399 0.014369018375873566 677
1741818489873 0.022056590765714645 678
1741818490358 0.015365725383162498 679
1741818490841 0.02542850561439991 680
1741818491320 0.02421313337981701 681
1741818491810 0.025910712778568268 682
1741818492290 0.017160264775156975 683
1741818492758 0.016781194135546684 684
1741818493242 0.013829098083078861 685
1741818493715 0.016949720680713654 686
1741818494199 0.02641667053103447 687
1741818494671 0.021990567445755005 688
1741818495142 0.012469812296330929 689
1741818495631 0.01081494614481926 690
1741818496128 0.010171644389629364 691
1741818496604 0.020063741132616997 692
1741818497078 0.01864933967590332 693
1741818497566 0.013620482757687569 694
1741818498045 0.021377235651016235 695
1741818498522 0.018644459545612335 696
1741818499016 0.022979095578193665 697
1741818499504 0.021891815587878227 698
1741818499979 0.02503979206085205 699
1741818505832 0.019652152433991432 700
1741818505912 0.05068640410900116 701
1741818506406 0.01926685869693756 702
1741818506906 0.02063438668847084 703
1741818507406 0.030817147344350815 704
1741818507906 0.019089307636022568 705
1741818508403 0.013778537511825562 706
1741818508895 0.018453076481819153 707
1741818509395 0.027782898396253586 708
1741818509888 0.025248654186725616 709
1741818510382 0.01565484330058098 710
1741818510867 0.019556190818548203 711
1741818511351 0.011159258894622326 712
1741818511835 0.02031329646706581 713
1741818512345 0.017306311056017876 714
1741818512837 0.01689416728913784 715
1741818513336 0.01637987047433853 716
1741818513818 0.015755778178572655 717
1741818514310 0.013997657224535942 718
1741818514806 0.018240945413708687 719
1741818515317 0.01217175368219614 720
1741818515801 0.021066347137093544 721
1741818516300 0.014279346913099289 722
1741818516783 0.01254827156662941 723
1741818517275 0.017256764695048332 724
1741818517761 0.011366289108991623 725
1741818518268 0.02591758221387863 726
1741818518766 0.008587191812694073 727
1741818518827 0.00866218376904726 728
1741818519337 0.010597878135740757 729
1741818519841 0.013882694765925407 730
1741818520351 0.021297112107276917 731
1741818520859 0.02415844425559044 732
1741818521362 0.0188219603151083 733
1741818521857 0.016676798462867737 734
1741818522354 0.010506114922463894 735
1741818522853 0.007679021917283535 736
1741818523344 0.0235914159566164 737
1741818523826 0.025213200598955154 738
1741818524309 0.020064430311322212 739
1741818524791 0.010949194431304932 740
1741818525273 0.017889000475406647 741
1741818525752 0.012794667854905128 742
1741818526234 0.021217823028564453 743
1741818526711 0.012668987736105919 744
1741818527192 0.014912715181708336 745
1741818527680 0.01146269217133522 746
1741818528172 0.01198551245033741 747
1741818528656 0.016588427126407623 748
1741818529136 0.011803042143583298 749
1741818529619 0.023315079510211945 750
1741818530105 0.015014797449111938 751
1741818530599 0.017606545239686966 752
1741818531094 0.017697840929031372 753
1741818531567 0.01520858146250248 754
1741818531651 0.04788714647293091 755
1741818532126 0.012327281758189201 756
1741818532604 0.014842764474451542 757
1741818533095 0.019015099853277206 758
1741818533572 0.027398692443966866 759
1741818534060 0.010155528783798218 760
1741818534539 0.009207123890519142 761
1741818535019 0.0277542844414711 762
1741818535500 0.017913777381181717 763
1741818535992 0.007077300455421209 764
1741818536466 0.019315293058753014 765
1741818536961 0.023653559386730194 766
1741818537443 0.025801748037338257 767
1741818537934 0.015508918091654778 768
1741818538412 0.014036841690540314 769
1741818538897 0.01584009826183319 770
1741818539379 0.004797079600393772 771
1741818539859 0.028153736144304276 772
1741818540344 0.00940566137433052 773
1741818540821 0.024427827447652817 774
1741818541313 0.014759284444153309 775
1741818541799 0.01598939672112465 776
1741818542290 0.023542173206806183 777
1741818542780 0.011822158470749855 778
1741818543271 0.020085658878087997 779
1741818543748 0.030101455748081207 780
1741818544264 0.020205175504088402 781
1741818544326 0.0040775807574391365 782
1741818544841 0.016929326578974724 783
1741818545357 0.01631668210029602 784
1741818545873 0.01784535124897957 785
1741818546413 0.015460560098290443 786
1741818546931 0.023587020114064217 787
1741818547452 0.016342028975486755 788
1741818547954 0.022519821301102638 789
1741818548465 0.01784493774175644 790
1741818548965 0.014743855223059654 791
1741818549470 0.022780921310186386 792
1741818549977 0.018909623846411705 793
1741818550492 0.012627830728888512 794
1741818551019 0.015260015614330769 795
1741818551526 0.03294956684112549 796
1741818552036 0.021708091720938683 797
1741818552551 0.01976986974477768 798
1741818553062 0.010505296289920807 799
1741818559293 0.013241315260529518 800
1741818559789 0.01991531252861023 801
1741818560290 0.015581319108605385 802
1741818560782 0.010325238108634949 803
1741818561297 0.01502272579818964 804
1741818561806 0.02562761679291725 805
1741818562319 0.020129308104515076 806
1741818562801 0.0173643846064806 807
1741818563294 0.02560269460082054 808
1741818563379 0.007121466100215912 809
1741818563875 0.019019069150090218 810
1741818564378 0.01580877974629402 811
1741818564876 0.022878672927618027 812
1741818565382 0.014839738607406616 813
1741818565886 0.012124715372920036 814
1741818566397 0.01496182195842266 815
1741818566879 0.021207332611083984 816
1741818567372 0.017898213118314743 817
1741818567860 0.013631368987262249 818
1741818568354 0.02889889106154442 819
1741818568842 0.011290028691291809 820
1741818569336 0.03607277572154999 821
1741818569821 0.015310524962842464 822
1741818570323 0.007119046524167061 823
1741818570809 0.020434696227312088 824
1741818571298 0.015703560784459114 825
1741818571794 0.010861292481422424 826
1741818572291 0.023626253008842468 827
1741818572792 0.014110504649579525 828
1741818573297 0.013057492673397064 829
1741818573783 0.01234729215502739 830
1741818574292 0.026233935728669167 831
1741818574794 0.010567261837422848 832
1741818575299 0.010918761603534222 833
1741818575811 0.016053248196840286 834
1741818576303 0.014444281347095966 835
1741818576365 0.004048732575029135 836
1741818576862 0.028584718704223633 837
1741818577362 0.021539656445384026 838
1741818577861 0.018029777333140373 839
1741818578346 0.01636776141822338 840
1741818578837 0.01917514204978943 841
1741818579338 0.02100280486047268 842
1741818579826 0.019178353250026703 843
1741818580325 0.01272986177355051 844
1741818580819 0.015288380905985832 845
1741818581319 0.010845593176782131 846
1741818581820 0.019193485379219055 847
1741818582342 0.012772985734045506 848
1741818582839 0.015007800422608852 849
1741818583343 0.010047687217593193 850
1741818583842 0.011646732687950134 851
1741818584346 0.017392408102750778 852
1741818584848 0.01807018741965294 853
1741818585375 0.01801946386694908 854
1741818585880 0.019274182617664337 855
1741818586386 0.017342176288366318 856
1741818586895 0.015195715241134167 857
1741818587402 0.021608341485261917 858
1741818587893 0.018891040235757828 859
1741818588406 0.022610949352383614 860
1741818588905 0.02088761515915394 861
1741818589409 0.018827490508556366 862
1741818589493 0.012284297496080399 863
1741818589996 0.024698864668607712 864
1741818590492 0.014351248741149902 865
1741818590985 0.01824374496936798 866
1741818591471 0.020080436021089554 867
1741818591989 0.007576578296720982 868
1741818592512 0.017060190439224243 869
1741818593008 0.011758040636777878 870
1741818593515 0.010685853660106659 871
1741818594025 0.015811430290341377 872
1741818594537 0.016357582062482834 873
1741818595049 0.014280319213867188 874
1741818595564 0.011556831188499928 875
1741818596073 0.036100372672080994 876
1741818596561 0.018401052802801132 877
1741818597051 0.017766164615750313 878
1741818597550 0.021217970177531242 879
1741818598076 0.013494988903403282 880
1741818598579 0.020159145817160606 881
1741818599084 0.023979157209396362 882
1741818599587 0.026758281514048576 883
1741818600094 0.016140790656208992 884
1741818600604 0.0260968916118145 885
1741818601101 0.0315263457596302 886
1741818601610 0.02363448590040207 887
1741818602125 0.019505664706230164 888
1741818602641 0.019508030265569687 889
1741818602702 0.005932733416557312 890
1741818603230 0.01036490686237812 891
1741818603750 0.019535768777132034 892
1741818604276 0.021594878286123276 893
1741818604766 0.017520233988761902 894
1741818605250 0.016405999660491943 895
1741818605755 0.013418181799352169 896
1741818606238 0.017220010980963707 897
1741818606744 0.007285985164344311 898
1741818607225 0.01009813416749239 899
1741818613477 0.017922643572092056 900
1741818613986 0.015115323476493359 901
1741818614515 0.0193937961012125 902
1741818615038 0.021086955443024635 903
1741818615546 0.013685569167137146 904
1741818616061 0.0259922556579113 905
1741818616570 0.009659570641815662 906
1741818617079 0.01574622094631195 907
1741818617583 0.019829561933875084 908
1741818618081 0.010732339695096016 909
1741818618587 0.011499486863613129 910
1741818619090 0.011824402026832104 911
1741818619609 0.01649397797882557 912
1741818620121 0.012189791537821293 913
1741818620623 0.013777782209217548 914
1741818621110 0.017268497496843338 915
1741818621600 0.020794633775949478 916
1741818621684 0.037923239171504974 917
1741818622194 0.01840299740433693 918
1741818622698 0.02184610813856125 919
1741818623196 0.0170606542378664 920
1741818623685 0.020357584580779076 921
1741818624178 0.02239123173058033 922
1741818624669 0.01934320107102394 923
1741818625170 0.018906094133853912 924
1741818625687 0.010279785841703415 925
1741818626177 0.011810468509793282 926
1741818626673 0.019650500267744064 927
1741818627191 0.010701688006520271 928
1741818627704 0.014539206400513649 929
1741818628196 0.0092361681163311 930
1741818628683 0.010158023796975613 931
1741818629176 0.018813591450452805 932
1741818629681 0.02093140222132206 933
1741818630169 0.020494315773248672 934
1741818630661 0.017537664622068405 935
1741818631145 0.018410764634609222 936
1741818631638 0.011265549808740616 937
1741818632122 0.011730927042663097 938
1741818632609 0.014921290799975395 939
1741818633098 0.013061857782304287 940
1741818633586 0.020433001220226288 941
1741818634083 0.00851367600262165 942
1741818634572 0.012242560274899006 943
1741818634633 0.003808058798313141 944
1741818635123 0.013694599270820618 945
1741818635614 0.010624159127473831 946
1741818636105 0.01313207671046257 947
1741818636582 0.016522765159606934 948
1741818637072 0.013357244431972504 949
1741818637558 0.013871874660253525 950
1741818638037 0.012249821797013283 951
1741818638523 0.02310560829937458 952
1741818639003 0.00675154197961092 953
1741818639475 0.011280723847448826 954
1741818639951 0.011531408876180649 955
1741818640430 0.01441803015768528 956
1741818640937 0.021768994629383087 957
1741818641454 0.013182573020458221 958
1741818641962 0.015085665509104729 959
1741818642474 0.015451908111572266 960
1741818642982 0.007362742908298969 961
1741818643492 0.009030092507600784 962
1741818643987 0.014395072124898434 963
1741818644490 0.010015747509896755 964
1741818644989 0.016163792461156845 965
1741818645487 0.009569577872753143 966
1741818645987 0.0064321476966142654 967
1741818646485 0.008294781669974327 968
1741818646992 0.007413939107209444 969
1741818647499 0.017454160377383232 970
1741818647585 0.02710934355854988 971
1741818648104 0.013119352050125599 972
1741818648611 0.01193835586309433 973
1741818649116 0.06305308640003204 974
1741818649622 0.02731296233832836 975
1741818650121 0.012294087558984756 976
1741818650619 0.02203085646033287 977
1741818651127 0.01150756236165762 978
1741818651627 0.03199496492743492 979
1741818652123 0.02123231068253517 980
1741818652631 0.018086588010191917 981
1741818653149 0.02202034741640091 982
1741818653654 0.018948931246995926 983
1741818654165 0.030099987983703613 984
1741818654669 0.022892726585268974 985
1741818655174 0.009732706472277641 986
1741818655670 0.02445387840270996 987
1741818656185 0.013754256069660187 988
1741818656680 0.019828807562589645 989
1741818657190 0.027201630175113678 990
1741818657686 0.018502196297049522 991
1741818658191 0.017159176990389824 992
1741818658695 0.015759233385324478 993
1741818659215 0.02416045218706131 994
1741818659720 0.015563464723527431 995
1741818660233 0.016454508528113365 996
1741818660746 0.020857421681284904 997
1741818660808 0.008679836988449097 998
1741818661313 0.024278823286294937 999
1741818667223 0.026999032124876976 1000
1741818667706 0.01584296114742756 1001
1741818668200 0.01695910468697548 1002
1741818668682 0.016774486750364304 1003
1741818669168 0.010265298187732697 1004
1741818669662 0.014804061502218246 1005
1741818670169 0.01161600649356842 1006
1741818670650 0.01681940257549286 1007
1741818671134 0.018844733014702797 1008
1741818671615 0.015106302686035633 1009
1741818672112 0.017561713233590126 1010
1741818672597 0.015630846843123436 1011
1741818673097 0.018900077790021896 1012
1741818673586 0.015724437311291695 1013
1741818674072 0.016547247767448425 1014
1741818674557 0.018629634752869606 1015
1741818675042 0.01712418720126152 1016
1741818675533 0.012962397187948227 1017
1741818676017 0.018511753529310226 1018
1741818676518 0.019909532740712166 1019
1741818677000 0.012435510754585266 1020
1741818677486 0.020902160555124283 1021
1741818677984 0.020558256655931473 1022
1741818678469 0.014932151883840561 1023
1741818678948 0.0179012231528759 1024
1741818679035 0.00910680927336216 1025
1741818679521 0.010421937331557274 1026
1741818680033 0.01355187688022852 1027
1741818680523 0.014611687511205673 1028
1741818681017 0.00987925473600626 1029
1741818681500 0.017310790717601776 1030
1741818681990 0.02205527201294899 1031
1741818682476 0.008038083091378212 1032
1741818682977 0.011472376063466072 1033
1741818683485 0.011856520548462868 1034
1741818683979 0.021290235221385956 1035
1741818684477 0.01917809620499611 1036
1741818684974 0.02090296521782875 1037
1741818685481 0.02462434023618698 1038
1741818685980 0.02223696932196617 1039
1741818686475 0.015779968351125717 1040
1741818686970 0.015613120049238205 1041
1741818687471 0.021766263991594315 1042
1741818687973 0.011470690369606018 1043
1741818688480 0.009437315165996552 1044
1741818688978 0.019554663449525833 1045
1741818689476 0.012722605839371681 1046
1741818689958 0.013631943613290787 1047
1741818690442 0.014008126221597195 1048
1741818690925 0.01137571781873703 1049
1741818691413 0.020575126633048058 1050
1741818691902 0.019744157791137695 1051
1741818691963 0.0053394632413983345 1052
1741818692452 0.01737787388265133 1053
1741818692927 0.01139998622238636 1054
1741818693426 0.023458296433091164 1055
1741818693905 0.012534229084849358 1056
1741818694386 0.015277005732059479 1057
1741818694869 0.02172395959496498 1058
1741818695359 0.015469370409846306 1059
1741818695830 0.020362725481390953 1060
1741818696313 0.018067535012960434 1061
1741818696793 0.0068984441459178925 1062
1741818697274 0.011884540319442749 1063
1741818697750 0.01481323316693306 1064
1741818698228 0.008446765132248402 1065
1741818698727 0.010878976434469223 1066
1741818699216 0.02228187769651413 1067
1741818699691 0.020549895241856575 1068
1741818700174 0.018684063106775284 1069
1741818700641 0.01873920112848282 1070
1741818701116 0.01630222238600254 1071
1741818701603 0.018574103713035583 1072
1741818702090 0.010165288113057613 1073
1741818702569 0.010878242552280426 1074
1741818703043 0.00927815306931734 1075
1741818703520 0.008825678378343582 1076
1741818704001 0.02572462521493435 1077
1741818704471 0.016180941835045815 1078
1741818704554 0.01916171796619892 1079
1741818705045 0.015365743078291416 1080
1741818705522 0.016546450555324554 1081
1741818706010 0.0150909423828125 1082
1741818706485 0.020405489951372147 1083
1741818706965 0.01759682223200798 1084
1741818707463 0.012050424702465534 1085
1741818707959 0.008418876677751541 1086
1741818708450 0.015942012891173363 1087
1741818708954 0.015533803030848503 1088
1741818709451 0.016207922250032425 1089
1741818709948 0.019237320870161057 1090
1741818710453 0.01643744483590126 1091
1741818710974 0.014334239065647125 1092
1741818711475 0.007309769745916128 1093
1741818711977 0.007970192469656467 1094
1741818712482 0.01860146038234234 1095
1741818712993 0.01431586779654026 1096
1741818713498 0.013250385411083698 1097
1741818713998 0.01073945127427578 1098
1741818714502 0.009709639474749565 1099
1741818720664 0.022047443315386772 1100
1741818721152 0.019524842500686646 1101
1741818721661 0.01195934321731329 1102
1741818722173 0.02195863053202629 1103
1741818722668 0.009311871603131294 1104
1741818723183 0.010893415659666061 1105
1741818723245 0.004937328398227692 1106
1741818723757 0.015234312042593956 1107
1741818724273 0.0146271251142025 1108
1741818724779 0.018028918653726578 1109
1741818725298 0.01844940148293972 1110
1741818725797 0.012521245516836643 1111
1741818726311 0.015222901478409767 1112
1741818726825 0.017233435064554214 1113
1741818727348 0.011976391077041626 1114
1741818727866 0.017286837100982666 1115
1741818728382 0.02901509776711464 1116
1741818728889 0.0141934584826231 1117
1741818729415 0.011590506881475449 1118
1741818729938 0.01719691976904869 1119
1741818730463 0.021303219720721245 1120
1741818730976 0.01954571343958378 1121
1741818731481 0.009028060361742973 1122
1741818731981 0.023076647892594337 1123
1741818732478 0.017356103286147118 1124
1741818732971 0.012879898771643639 1125
1741818733462 0.010128650814294815 1126
1741818733948 0.011466819792985916 1127
1741818734439 0.010069319047033787 1128
1741818734933 0.00896548293530941 1129
1741818735430 0.010126393288373947 1130
1741818735917 0.009969414211809635 1131
1741818736430 0.013835680671036243 1132
1741818736519 0.03218211233615875 1133
1741818737009 0.010634977370500565 1134
1741818737498 0.014184035360813141 1135
1741818737984 0.014968493953347206 1136
1741818738479 0.019517075270414352 1137
1741818738968 0.01592450775206089 1138
1741818739466 0.018859460949897766 1139
1741818739961 0.007857659831643105 1140
1741818740445 0.011046607978641987 1141
1741818740936 0.020272888243198395 1142
1741818741422 0.017265740782022476 1143
1741818741907 0.017605161294341087 1144
1741818742401 0.016094613820314407 1145
1741818742891 0.015570130199193954 1146
1741818743386 0.013728630729019642 1147
1741818743875 0.01889067143201828 1148
1741818744371 0.012210974469780922 1149
1741818744856 0.016412457451224327 1150
1741818745344 0.015446705743670464 1151
1741818745839 0.01637544110417366 1152
1741818746331 0.010322058573365211 1153
1741818746829 0.015513916499912739 1154
1741818747333 0.010318795219063759 1155
1741818747836 0.01654643751680851 1156
1741818748341 0.013299224898219109 1157
1741818748853 0.01398765854537487 1158
1741818749386 0.01564900018274784 1159
1741818749448 0.015963805839419365 1160
1741818749946 0.013467974960803986 1161
1741818750445 0.01415940560400486 1162
1741818750949 0.00968258734792471 1163
1741818751454 0.021399952471256256 1164
1741818751959 0.02138291485607624 1165
1741818752477 0.015188619494438171 1166
1741818753005 0.012220901437103748 1167
1741818753523 0.013476835563778877 1168
1741818754030 0.009154132567346096 1169
1741818754544 0.011097228154540062 1170
1741818755059 0.01847774162888527 1171
1741818755572 0.016220426186919212 1172
1741818756096 0.013799755834043026 1173
1741818756603 0.008991069160401821 1174
1741818757105 0.024503037333488464 1175
1741818757594 0.012970875017344952 1176
1741818758096 0.01962890289723873 1177
1741818758588 0.015447523444890976 1178
1741818759084 0.005817853845655918 1179
1741818759583 0.010140275582671165 1180
1741818760080 0.010899955406785011 1181
1741818760568 0.016552437096834183 1182
1741818761070 0.010418757796287537 1183
1741818761561 0.009389588609337807 1184
1741818762053 0.014249680563807487 1185
1741818762538 0.01644793339073658 1186
1741818762622 0.028510475531220436 1187
1741818763111 0.004769285209476948 1188
1741818763599 0.016716767102479935 1189
1741818764095 0.01443417463451624 1190
1741818764586 0.012178976088762283 1191
1741818765073 0.020465530455112457 1192
1741818765565 0.007396694738417864 1193
1741818766060 0.012480080127716064 1194
1741818766550 0.017650146037340164 1195
1741818767037 0.013675770722329617 1196
1741818767537 0.0120162982493639 1197
1741818768025 0.020973436534404755 1198
1741818768518 0.009098147973418236 1199
1741818774816 0.012930221855640411 1200
1741818775334 0.012497778050601482 1201
1741818775827 0.014826716855168343 1202
1741818776327 0.010215738788247108 1203
1741818776813 0.005737321451306343 1204
1741818777320 0.011639095842838287 1205
1741818777810 0.011966880410909653 1206
1741818778304 0.014074270613491535 1207
1741818778789 0.018467862159013748 1208
1741818779268 0.015702996402978897 1209
1741818779744 0.017955420538783073 1210
1741818780231 0.011524694040417671 1211
1741818780707 0.011442544870078564 1212
1741818781204 0.018278762698173523 1213
1741818781265 0.011471711099147797 1214
1741818781743 0.008251164108514786 1215
1741818782227 0.006521685980260372 1216
1741818782715 0.014818386174738407 1217
1741818783217 0.006776058580726385 1218
1741818783715 0.004115533083677292 1219
1741818784223 0.009928222745656967 1220
1741818784715 0.01982256770133972 1221
1741818785217 0.012063376605510712 1222
1741818785715 0.018725406378507614 1223
1741818786220 0.007563409395515919 1224
1741818786715 0.015715578570961952 1225
1741818787226 0.06275508552789688 1226
1741818787755 0.01680598594248295 1227
1741818788260 0.016227755695581436 1228
1741818788752 0.02804647572338581 1229
1741818789251 0.016734883189201355 1230
1741818789747 0.022969461977481842 1231
1741818790263 0.02707543596625328 1232
1741818790758 0.010713011026382446 1233
1741818791243 0.024302974343299866 1234
1741818791725 0.022154271602630615 1235
1741818792214 0.01820087619125843 1236
1741818792697 0.022490430623292923 1237
1741818793181 0.010946687310934067 1238
1741818793665 0.013465352356433868 1239
1741818794167 0.01884789578616619 1240
1741818794249 0.051053740084171295 1241
1741818794736 0.021563522517681122 1242
1741818795216 0.011644948273897171 1243
1741818795693 0.010323292575776577 1244
1741818796180 0.0155791612342 1245
1741818796669 0.028989452868700027 1246
1741818797143 0.02550363726913929 1247
1741818797617 0.008927631191909313 1248
1741818798096 0.00985203217715025 1249
1741818798577 0.02437688037753105 1250
1741818799051 0.01670413464307785 1251
1741818799525 0.013787195086479187 1252
1741818800010 0.01591121405363083 1253
1741818800484 0.01204103883355856 1254
1741818800958 0.01864069327712059 1255
1741818801451 0.021447867155075073 1256
1741818801929 0.010373185388743877 1257
1741818802418 0.01725226268172264 1258
1741818802896 0.009981028735637665 1259
1741818803383 0.014813954010605812 1260
1741818803865 0.01729429140686989 1261
1741818804358 0.021343253552913666 1262
1741818804836 0.018451092764735222 1263
1741818805326 0.012653660029172897 1264
1741818805806 0.015331326052546501 1265
1741818806283 0.017855674028396606 1266
1741818806771 0.021630438044667244 1267
1741818806832 0.015626654028892517 1268
1741818807316 0.005319000221788883 1269
1741818807807 0.022152304649353027 1270
1741818808311 0.008938271552324295 1271
1741818808791 0.016122665256261826 1272
1741818809270 0.011908876709640026 1273
1741818809746 0.008958563208580017 1274
1741818810225 0.019736599177122116 1275
1741818810714 0.01292986236512661 1276
1741818811214 0.009935831651091576 1277
1741818811701 0.009665129706263542 1278
1741818812194 0.018403533846139908 1279
1741818812671 0.012770259752869606 1280
1741818813152 0.009897653013467789 1281
1741818813644 0.021032055839896202 1282
1741818814120 0.01554705761373043 1283
1741818814598 0.016403235495090485 1284
1741818815078 0.01648898236453533 1285
1741818815556 0.009063635021448135 1286
1741818816035 0.015098371542990208 1287
1741818816519 0.009225234389305115 1288
1741818817007 0.015709148719906807 1289
1741818817505 0.0163198821246624 1290
1741818817987 0.01360897533595562 1291
1741818818470 0.02539079636335373 1292
1741818818947 0.013717632740736008 1293
1741818819433 0.014952020719647408 1294
1741818819517 0.005215680226683617 1295
1741818819996 0.019115634262561798 1296
1741818820475 0.012405268847942352 1297
1741818820955 0.007274750154465437 1298
1741818821441 0.0139837097376585 1299
1741818827344 0.012505749240517616 1300
1741818827827 0.015502065420150757 1301
1741818828317 0.02073158137500286 1302
1741818828807 0.009970164857804775 1303
1741818829301 0.01450418122112751 1304
1741818829792 0.021281955763697624 1305
1741818830281 0.019404837861657143 1306
1741818830767 0.018532197922468185 1307
1741818831264 0.01884104683995247 1308
1741818831755 0.016720090061426163 1309
1741818832255 0.011623755097389221 1310
1741818832743 0.019185831770300865 1311
1741818833241 0.01705176569521427 1312
1741818833722 0.013694597408175468 1313
1741818834222 0.014628028497099876 1314
1741818834715 0.01866805925965309 1315
1741818835207 0.015348072163760662 1316
1741818835684 0.011706393212080002 1317
1741818836172 0.013656457886099815 1318
1741818836662 0.006193479523062706 1319
1741818837140 0.008033746853470802 1320
1741818837622 0.010686416178941727 1321
1741818837683 0.003901706077158451 1322
1741818838179 0.01119326800107956 1323
1741818838659 0.01006415393203497 1324
1741818839151 0.01637382060289383 1325
1741818839655 0.011806448921561241 1326
1741818840153 0.01722806692123413 1327
1741818840650 0.008443351835012436 1328
1741818841153 0.015651073306798935 1329
1741818841653 0.017813999205827713 1330
1741818842166 0.013137241825461388 1331
1741818842659 0.00727730430662632 1332
1741818843162 0.015080328099429607 1333
1741818843655 0.015305517241358757 1334
1741818844144 0.015352291986346245 1335
1741818844644 0.018942290917038918 1336
1741818845136 0.01968124881386757 1337
1741818845629 0.016100630164146423 1338
1741818846120 0.008237363770604134 1339
1741818846612 0.010207138955593109 1340
1741818847103 0.012947037816047668 1341
1741818847596 0.010445396415889263 1342
1741818848095 0.010153943672776222 1343
1741818848597 0.018971480429172516 1344
1741818849095 0.009900637902319431 1345
1741818849603 0.01207752712070942 1346
1741818850109 0.015414943918585777 1347
1741818850615 0.009226048365235329 1348
1741818850704 0.003109559416770935 1349
1741818851204 0.019374677911400795 1350
1741818851710 0.01201316062361002 1351
1741818852210 0.016038116067647934 1352
1741818852726 0.012100722640752792 1353
1741818853235 0.010627523995935917 1354
1741818853743 0.010461154393851757 1355
1741818854266 0.014973079785704613 1356
1741818854769 0.019017552956938744 1357
1741818855277 0.008982532657682896 1358
1741818855780 0.01021480467170477 1359
1741818856283 0.011346263810992241 1360
1741818856785 0.017140913754701614 1361
1741818857287 0.01236707903444767 1362
1741818857816 0.009934073314070702 1363
1741818858325 0.019207337871193886 1364
1741818858831 0.008128716610372066 1365
1741818859339 0.02303468994796276 1366
1741818859841 0.01367131993174553 1367
1741818860334 0.0082932710647583 1368
1741818860825 0.012310044839978218 1369
1741818861326 0.010614454746246338 1370
1741818861829 0.011864477768540382 1371
1741818862323 0.008733989670872688 1372
1741818862815 0.013377734459936619 1373
1741818863316 0.010411728173494339 1374
1741818863807 0.01521479245275259 1375
1741818863869 0.002390120178461075 1376
1741818864363 0.012540367431938648 1377
1741818864856 0.011722788214683533 1378
1741818865359 0.014486381784081459 1379
1741818865855 0.012710124254226685 1380
1741818866350 0.011002765037119389 1381
1741818866846 0.007192899473011494 1382
1741818867343 0.010159958153963089 1383
1741818867832 0.010463105514645576 1384
1741818868352 0.00936938263475895 1385
1741818868851 0.010309959761798382 1386
1741818869347 0.013654042035341263 1387
1741818869839 0.009295194409787655 1388
1741818870336 0.014470718801021576 1389
1741818870845 0.005565828178077936 1390
1741818871346 0.01576266437768936 1391
1741818871843 0.009863559156656265 1392
1741818872336 0.02710888534784317 1393
1741818872829 0.01138722337782383 1394
1741818873357 0.012992103584110737 1395
1741818873863 0.01525973156094551 1396
1741818874383 0.014649765565991402 1397
1741818874895 0.010512985289096832 1398
1741818875407 0.01401742734014988 1399
1741818881590 0.006467128172516823 1400
1741818882096 0.014669801108539104 1401
1741818882584 0.013418938964605331 1402
1741818882672 0.008655011653900146 1403
1741818883191 0.015430892817676067 1404
1741818883674 0.006327779032289982 1405
1741818884154 0.008446254767477512 1406
1741818884641 0.013953711837530136 1407
1741818885134 0.012220020405948162 1408
1741818885642 0.022456049919128418 1409
1741818886137 0.012002868577837944 1410
1741818886617 0.01000252366065979 1411
1741818887123 0.016919877380132675 1412
1741818887591 0.005047650542110205 1413
1741818888078 0.011201880872249603 1414
1741818888575 0.02301821857690811 1415
1741818889091 0.013323037885129452 1416
1741818889589 0.0278376005589962 1417
1741818890109 0.007999701425433159 1418
1741818890597 0.014219813048839569 1419
1741818891093 0.00722043402493 1420
1741818891600 0.010371191427111626 1421
1741818892096 0.011067547835409641 1422
1741818892631 0.01798504963517189 1423
1741818893138 0.01927107758820057 1424
1741818893649 0.016396790742874146 1425
1741818894153 0.012573925778269768 1426
1741818894672 0.008869590237736702 1427
1741818895185 0.015177451074123383 1428
1741818895681 0.025264065712690353 1429
1741818895743 0.005388729274272919 1430
1741818896248 0.023969043046236038 1431
1741818896738 0.02170298993587494 1432
1741818897229 0.011688090860843658 1433
1741818897718 0.007376546040177345 1434
1741818898223 0.023007646203041077 1435
1741818898725 0.011918940581381321 1436
1741818899221 0.004055332392454147 1437
1741818899725 0.01312924362719059 1438
1741818900230 0.014100290834903717 1439
1741818900729 0.010521793738007545 1440
1741818901241 0.00920578557997942 1441
1741818901725 0.009101221337914467 1442
1741818902214 0.013080418109893799 1443
1741818902709 0.010488426312804222 1444
1741818903212 0.007866788655519485 1445
1741818903710 0.016591018065810204 1446
1741818904203 0.017289595678448677 1447
1741818904686 0.014415707439184189 1448
1741818905178 0.015175685286521912 1449
1741818905650 0.01560857705771923 1450
1741818906147 0.008307619020342827 1451
1741818906641 0.012902896851301193 1452
1741818907124 0.019219007343053818 1453
1741818907612 0.009088088758289814 1454
1741818908095 0.01724521815776825 1455
1741818908576 0.004130188841372728 1456
1741818908660 0.05374392494559288 1457
1741818909138 0.008432701230049133 1458
1741818909614 0.014199318364262581 1459
1741818910096 0.021941812708973885 1460
1741818910587 0.013307444751262665 1461
1741818911095 0.021994519978761673 1462
1741818911586 0.01905621588230133 1463
1741818912065 0.027247130870819092 1464
1741818912545 0.01854967512190342 1465
1741818913016 0.013842606917023659 1466
1741818913491 0.014797617681324482 1467
1741818913969 0.01944638043642044 1468
1741818914448 0.02288775146007538 1469
1741818914928 0.014207765460014343 1470
1741818915418 0.01742807775735855 1471
1741818915898 0.012631252408027649 1472
1741818916384 0.010538136586546898 1473
1741818916865 0.020932307466864586 1474
1741818917348 0.014251059852540493 1475
1741818917822 0.015234671533107758 1476
1741818918312 0.01081533171236515 1477
1741818918790 0.018960440531373024 1478
1741818919272 0.010351138189435005 1479
1741818919752 0.014863586984574795 1480
1741818920249 0.01227352861315012 1481
1741818920731 0.013965274207293987 1482
1741818921224 0.014389453455805779 1483
1741818921285 0.0033754007890820503 1484
1741818921772 0.00989624485373497 1485
1741818922277 0.014727809466421604 1486
1741818922765 0.006740258075296879 1487
1741818923273 0.011002399027347565 1488
1741818923765 0.010920405387878418 1489
1741818924254 0.016405673697590828 1490
1741818924740 0.007903509773314 1491
1741818925229 0.008129730820655823 1492
1741818925719 0.0050201015546917915 1493
1741818926205 0.010986411944031715 1494
1741818926697 0.017996227368712425 1495
1741818927181 0.013035189360380173 1496
1741818927670 0.0077901375479996204 1497
1741818928148 0.023012518882751465 1498
1741818928639 0.013679107651114464 1499
1741818934548 0.01694692298769951 1500
1741818935031 0.008488928899168968 1501
1741818935511 0.014091366901993752 1502
1741818935992 0.011943688616156578 1503
1741818936477 0.014064617455005646 1504
1741818936973 0.01673359051346779 1505
1741818937476 0.011420713737607002 1506
1741818937956 0.013875598087906837 1507
1741818938451 0.010785633698105812 1508
1741818938933 0.012247217819094658 1509
1741818939419 0.009333201684057713 1510
1741818939504 0.007208005525171757 1511
1741818939984 0.009163320995867252 1512
1741818940461 0.014934594742953777 1513
1741818940944 0.022491509094834328 1514
1741818941435 0.015521434135735035 1515
1741818941920 0.014553752727806568 1516
1741818942419 0.015449507161974907 1517
1741818942906 0.012723811902105808 1518
1741818943400 0.012460244819521904 1519
1741818943882 0.012672929093241692 1520
1741818944379 0.010352152399718761 1521
1741818944858 0.011023186147212982 1522
1741818945340 0.014140911400318146 1523
1741818945822 0.01918690837919712 1524
1741818946313 0.019938521087169647 1525
1741818946791 0.00789717584848404 1526
1741818947269 0.011392828077077866 1527
1741818947750 0.008008048869669437 1528
1741818948256 0.009870942682027817 1529
1741818948739 0.01646704412996769 1530
1741818949235 0.011030226945877075 1531
1741818949713 0.008047371171414852 1532
1741818950198 0.00846879743039608 1533
1741818950678 0.013177553191781044 1534
1741818951161 0.0075881811790168285 1535
1741818951656 0.019015543162822723 1536
1741818952150 0.013055399060249329 1537
1741818952211 0.0009124202770181 1538
1741818952693 0.01283999439328909 1539
1741818953181 0.013088798150420189 1540
1741818953683 0.01658877730369568 1541
1741818954194 0.01962851919233799 1542
1741818954707 0.009995630942285061 1543
1741818955216 0.014698184095323086 1544
1741818955706 0.01291630044579506 1545
1741818956203 0.013553550466895103 1546
1741818956702 0.01408897154033184 1547
1741818957194 0.014254426583647728 1548
1741818957696 0.015549711883068085 1549
1741818958198 0.010060596279799938 1550
1741818958703 0.010953402146697044 1551
1741818959203 0.012200834229588509 1552
1741818959697 0.00862484984099865 1553
1741818960196 0.012922444380819798 1554
1741818960694 0.010755855590105057 1555
1741818961197 0.010212825611233711 1556
1741818961699 0.01286863349378109 1557
1741818962199 0.015720169991254807 1558
1741818962699 0.017034854739904404 1559
1741818963199 0.014416608959436417 1560
1741818963695 0.014470413327217102 1561
1741818964198 0.012369059957563877 1562
1741818964699 0.01334061473608017 1563
1741818965200 0.013551893644034863 1564
1741818965286 0.013159370049834251 1565
1741818965780 0.010944511741399765 1566
1741818966278 0.013724062591791153 1567
1741818966775 0.010512231849133968 1568
1741818967273 0.009719040244817734 1569
1741818967767 0.0061803050339221954 1570
1741818968265 0.01123828999698162 1571
1741818968770 0.010328134521842003 1572
1741818969258 0.008777071721851826 1573
1741818969739 0.010012260638177395 1574
1741818970225 0.012163125909864902 1575
1741818970707 0.008568262681365013 1576
1741818971201 0.013003774918615818 1577
1741818971682 0.008068322204053402 1578
1741818972177 0.00833956804126501 1579
1741818972663 0.005174921825528145 1580
1741818973146 0.015007199719548225 1581
1741818973632 0.01467838790267706 1582
1741818974117 0.01155907567590475 1583
1741818974599 0.01318720355629921 1584
1741818975084 0.013157244771718979 1585
1741818975566 0.012584185227751732 1586
1741818976050 0.008248901925981045 1587
1741818976534 0.005140693858265877 1588
1741818977028 0.006451487075537443 1589
1741818977535 0.017157042399048805 1590
1741818978033 0.008156806230545044 1591
1741818978094 0.0026428019627928734 1592
1741818978596 0.016336742788553238 1593
1741818979095 0.012561042793095112 1594
1741818979604 0.005451228003948927 1595
1741818980107 0.005018671974539757 1596
1741818980613 0.014916911721229553 1597
1741818981121 0.015471328981220722 1598
1741818981627 0.011668600142002106 1599
1741818987943 0.016374006867408752 1600
1741818988447 0.010541697032749653 1601
1741818988949 0.010117868892848492 1602
1741818989451 0.01623205468058586 1603
1741818989957 0.0038576368242502213 1604
1741818990457 0.011583968065679073 1605
1741818990957 0.006847969722002745 1606
1741818991448 0.00944675412029028 1607
1741818991927 0.013817183673381805 1608
1741818992412 0.009957403875887394 1609
1741818992893 0.012888742610812187 1610
1741818993379 0.020688552409410477 1611
1741818993883 0.01293422281742096 1612
1741818994398 0.012168163433670998 1613
1741818994909 0.018621811643242836 1614
1741818995413 0.014156755991280079 1615
1741818995918 0.01436606328934431 1616
1741818996429 0.011370407417416573 1617
1741818996945 0.011903127655386925 1618
1741818997041 0.03293848782777786 1619
1741818997555 0.01957213319838047 1620
1741818998062 0.007472201716154814 1621
1741818998579 0.00899170245975256 1622
1741818999095 0.02090347744524479 1623
1741818999610 0.013143976218998432 1624
1741819000120 0.009218924678862095 1625
1741819000622 0.011929317377507687 1626
1741819001128 0.020672142505645752 1627
1741819001627 0.013105032965540886 1628
1741819002126 0.00835938099771738 1629
1741819002637 0.017893142998218536 1630
1741819003173 0.01940765045583248 1631
1741819003689 0.013519637286663055 1632
1741819004205 0.03129226714372635 1633
1741819004726 0.008853885345160961 1634
1741819005244 0.011189540848135948 1635
1741819005747 0.023728426545858383 1636
1741819006236 0.012868371792137623 1637
1741819006717 0.02081618271768093 1638
1741819007198 0.012734707444906235 1639
1741819007680 0.019270336255431175 1640
1741819008170 0.014276556670665741 1641
1741819008692 0.019011612981557846 1642
1741819009177 0.014613217674195766 1643
1741819009653 0.00781638827174902 1644
1741819010133 0.022657793015241623 1645
1741819010193 0.008137349970638752 1646
1741819010674 0.009644853882491589 1647
1741819011153 0.008249767124652863 1648
1741819011628 0.018437370657920837 1649
1741819012114 0.007262722589075565 1650
1741819012587 0.018137170001864433 1651
1741819013083 0.017612777650356293 1652
1741819013562 0.013086221180856228 1653
1741819014041 0.013553054071962833 1654
1741819014519 0.009157508611679077 1655
1741819015001 0.006958642043173313 1656
1741819015491 0.011171740479767323 1657
1741819015984 0.010255759581923485 1658
1741819016470 0.013296140357851982 1659
1741819016970 0.01618744432926178 1660
1741819017487 0.008351569063961506 1661
1741819018004 0.0180932879447937 1662
1741819018515 0.012499715201556683 1663
1741819019020 0.016964005306363106 1664
1741819019539 0.006987744010984898 1665
1741819020044 0.01441374234855175 1666
1741819020552 0.011393768712878227 1667
1741819021056 0.018404556438326836 1668
1741819021565 0.010024333372712135 1669
1741819022102 0.013747211545705795 1670
1741819022608 0.013823101297020912 1671
1741819023117 0.021487943828105927 1672
1741819023206 0.014908156357705593 1673
1741819023715 0.009706719778478146 1674
1741819024232 0.004184033256024122 1675
1741819024732 0.009374788962304592 1676
1741819025245 0.015881268307566643 1677
1741819025751 0.016514010727405548 1678
1741819026271 0.006943256128579378 1679
1741819026777 0.01370992697775364 1680
1741819027286 0.014172320254147053 1681
1741819027793 0.016888590529561043 1682
1741819028301 0.010336044244468212 1683
1741819028813 0.007840124890208244 1684
1741819029328 0.0076131671667099 1685
1741819029829 0.015848856419324875 1686
1741819030343 0.01431485079228878 1687
1741819030847 0.015846431255340576 1688
1741819031348 0.00789001677185297 1689
1741819031855 0.006144039798527956 1690
1741819032367 0.01796572469174862 1691
1741819032871 0.010113861411809921 1692
1741819033380 0.011624148115515709 1693
1741819033884 0.008863097056746483 1694
1741819034385 0.017127489671111107 1695
1741819034890 0.011471803300082684 1696
1741819035404 0.018375035375356674 1697
1741819035917 0.005621981807053089 1698
1741819036427 0.0066342661157250404 1699
1741819042278 0.00443352060392499 1700
1741819042790 0.010724250227212906 1701
1741819043292 0.014380643144249916 1702
1741819043792 0.014375779777765274 1703
1741819044295 0.009023807942867279 1704
1741819044799 0.01496793795377016 1705
1741819045307 0.004508176818490028 1706
1741819045809 0.009932183660566807 1707
1741819046309 0.015880025923252106 1708
1741819046818 0.007775712758302689 1709
1741819047326 0.010730287060141563 1710
1741819047822 0.010791251435875893 1711
1741819048320 0.009705975651741028 1712
1741819048806 0.010338523425161839 1713
1741819049298 0.012676369398832321 1714
1741819049798 0.01131521351635456 1715
1741819050293 0.012342574074864388 1716
1741819050784 0.009720426052808762 1717
1741819051280 0.014926239848136902 1718
1741819051768 0.011481464840471745 1719
1741819052258 0.00932551920413971 1720
1741819052748 0.008694285526871681 1721
1741819053242 0.01309211365878582 1722
1741819053735 0.008095448836684227 1723
1741819054226 0.020486023277044296 1724
1741819054717 0.009675317443907261 1725
1741819055224 0.012480679899454117 1726
1741819055307 0.03482597693800926 1727
1741819055784 0.013059795834124088 1728
1741819056268 0.015147227793931961 1729
1741819056749 0.01679256558418274 1730
1741819057259 0.010893648490309715 1731
1741819057739 0.008071893826127052 1732
1741819058224 0.010717296972870827 1733
1741819058701 0.010264077223837376 1734
1741819059191 0.004778776317834854 1735
1741819059672 0.010420864447951317 1736
1741819060160 0.014520993456244469 1737
1741819060638 0.006432602182030678 1738
1741819061137 0.005556159187108278 1739
1741819061629 0.003235252108424902 1740
1741819062112 0.011763505637645721 1741
1741819062589 0.008558107540011406 1742
1741819063065 0.015296095982193947 1743
1741819063544 0.015805203467607498 1744
1741819064028 0.01574956811964512 1745
1741819064507 0.008566653355956078 1746
1741819065000 0.016598526388406754 1747
1741819065483 0.011293399147689342 1748
1741819065973 0.008320378139615059 1749
1741819066472 0.015623255632817745 1750
1741819066977 0.008753595873713493 1751
1741819067475 0.007833996787667274 1752
1741819067972 0.007705987896770239 1753
1741819068034 0.004362450446933508 1754
1741819068534 0.005957352463155985 1755
1741819069041 0.01112114917486906 1756
1741819069521 0.006854011211544275 1757
1741819070003 0.009457707405090332 1758
1741819070488 0.010427569970488548 1759
1741819070971 0.010727235116064548 1760
1741819071459 0.01035323180258274 1761
1741819071940 0.014372670091688633 1762
1741819072445 0.0168061014264822 1763
1741819072944 0.00816265307366848 1764
1741819073426 0.013362355530261993 1765
1741819073907 0.009659391827881336 1766
1741819074400 0.015945423394441605 1767
1741819074877 0.015338640660047531 1768
1741819075367 0.007841394282877445 1769
1741819075862 0.015792399644851685 1770
1741819076341 0.014510244131088257 1771
1741819076823 0.01092391274869442 1772
1741819077308 0.009019201621413231 1773
1741819077790 0.01776869408786297 1774
1741819078293 0.013515367172658443 1775
1741819078817 0.012243654578924179 1776
1741819079340 0.015118408016860485 1777
1741819079858 0.011868132278323174 1778
1741819080342 0.009187694638967514 1779
1741819080824 0.010929035022854805 1780
1741819080910 0.0420876070857048 1781
1741819081411 0.018780138343572617 1782
1741819081903 0.005926104262471199 1783
1741819082391 0.010296614840626717 1784
1741819082874 0.012394367717206478 1785
1741819083361 0.006718912161886692 1786
1741819083851 0.006649353541433811 1787
1741819084333 0.01285210158675909 1788
1741819084819 0.009985417127609253 1789
1741819085316 0.016553077846765518 1790
1741819085807 0.013151605613529682 1791
1741819086303 0.008015835657715797 1792
1741819086791 0.016531120985746384 1793
1741819087286 0.009896906092762947 1794
1741819087791 0.007311675231903791 1795
1741819088276 0.01320403441786766 1796
1741819088759 0.00586097314953804 1797
1741819089245 0.008493601344525814 1798
1741819089732 0.010404950939118862 1799
1741819095834 0.014395978301763535 1800
1741819096331 0.015869438648223877 1801
1741819096828 0.01588653028011322 1802
1741819097322 0.008935743942856789 1803
1741819097800 0.004930580500513315 1804
1741819098285 0.008416818454861641 1805
1741819098769 0.018104208633303642 1806
1741819099262 0.013009469956159592 1807
1741819099323 0.003829620312899351 1808
1741819099799 0.013383663259446621 1809
1741819100288 0.007311470340937376 1810
1741819100769 0.007676136214286089 1811
1741819101264 0.01987937092781067 1812
1741819101756 0.015825437381863594 1813
1741819102264 0.015218691900372505 1814
1741819102746 0.01237844955176115 1815
1741819103231 0.014326849952340126 1816
1741819103714 0.005084596574306488 1817
1741819104208 0.012908559292554855 1818
1741819104695 0.007959362119436264 1819
1741819105183 0.012328732758760452 1820
1741819105668 0.012860673479735851 1821
1741819106157 0.008088624104857445 1822
1741819106638 0.01840730383992195 1823
1741819107121 0.007177851162850857 1824
1741819107604 0.01082444004714489 1825
1741819108101 0.00952397845685482 1826
1741819108584 0.016335997730493546 1827
1741819109081 0.01605631783604622 1828
1741819109576 0.014747720211744308 1829
1741819110058 0.02026074193418026 1830
1741819110542 0.004269889090210199 1831
1741819111026 0.016377892345190048 1832
1741819111513 0.008841713890433311 1833
1741819111998 0.011668569408357143 1834
1741819112083 0.014464851468801498 1835
1741819112563 0.005289770662784576 1836
1741819113052 0.015369866043329239 1837
1741819113537 0.008942075073719025 1838
1741819114030 0.006715669296681881 1839
1741819114521 0.015228534117341042 1840
1741819115009 0.014048352837562561 1841
1741819115496 0.009489951655268669 1842
1741819115980 0.004204915836453438 1843
1741819116465 0.01862965151667595 1844
1741819116950 0.019053563475608826 1845
1741819117439 0.015115168876945972 1846
1741819117933 0.017834411934018135 1847
1741819118419 0.00999732781201601 1848
1741819118902 0.006688176654279232 1849
1741819119395 0.016420923173427582 1850
1741819119893 0.012776067480444908 1851
1741819120402 0.01446650642901659 1852
1741819120887 0.013995775952935219 1853
1741819121377 0.009046554565429688 1854
1741819121859 0.013438105583190918 1855
1741819122349 0.010209303349256516 1856
1741819122836 0.013972757384181023 1857
1741819123334 0.012205008417367935 1858
1741819123819 0.009357662871479988 1859
1741819124315 0.010559146292507648 1860
1741819124814 0.011521603912115097 1861
1741819124875 0.0026704571209847927 1862
1741819125373 0.007312060333788395 1863
1741819125884 0.013519419357180595 1864
1741819126386 0.013543201610445976 1865
1741819126890 0.012092432007193565 1866
1741819127381 0.008658524602651596 1867
1741819127876 0.007828169502317905 1868
1741819128375 0.011360765434801579 1869
1741819128883 0.007902568206191063 1870
1741819129396 0.006441621109843254 1871
1741819129888 0.007516616955399513 1872
1741819130382 0.015323370695114136 1873
1741819130877 0.010350119322538376 1874
1741819131374 0.005822410807013512 1875
1741819131872 0.01185306441038847 1876
1741819132360 0.011199521832168102 1877
1741819132843 0.00948010478168726 1878
1741819133327 0.006235973909497261 1879
1741819133810 0.010004883632063866 1880
1741819134303 0.01405918225646019 1881
1741819134803 0.0054915547370910645 1882
1741819135299 0.013693282380700111 1883
1741819135793 0.013680795207619667 1884
1741819136280 0.008180602453649044 1885
1741819136763 0.0062722512520849705 1886
1741819137255 0.011575870215892792 1887
1741819137762 0.009646866470575333 1888
1741819137848 0.0103295324370265 1889
1741819138343 0.009515455923974514 1890
1741819138826 0.012876148335635662 1891
1741819139313 0.01648532971739769 1892
1741819139796 0.015291696414351463 1893
1741819140283 0.017449157312512398 1894
1741819140766 0.010968741029500961 1895
1741819141252 0.007244624197483063 1896
1741819141750 0.008854087442159653 1897
1741819142242 0.007758512161672115 1898
1741819142723 0.012655681930482388 1899
1741819148671 0.014833075925707817 1900
1741819149150 0.0034840404987335205 1901
1741819149627 0.01645529828965664 1902
1741819150110 0.00628329673781991 1903
1741819150590 0.007739301770925522 1904
1741819151073 0.006633352022618055 1905
1741819151551 0.01228184811770916 1906
1741819152030 0.009803791530430317 1907
1741819152511 0.013522130437195301 1908
1741819152989 0.010410039685666561 1909
1741819153475 0.009168575517833233 1910
1741819153967 0.01026768796145916 1911
1741819154454 0.007514711935073137 1912
1741819154936 0.0069411881268024445 1913
1741819155426 0.010304376482963562 1914
1741819155919 0.007641548756510019 1915
1741819155980 0.002733116503804922 1916
1741819156459 0.009154032915830612 1917
1741819156944 0.011613475158810616 1918
1741819157430 0.013958603143692017 1919
1741819157913 0.01048029400408268 1920
1741819158403 0.01040282379835844 1921
1741819158882 0.0062217931263148785 1922
1741819159375 0.009001640602946281 1923
1741819159853 0.01878514513373375 1924
1741819160344 0.011377725750207901 1925
1741819160827 0.013355940580368042 1926
1741819161324 0.007105016149580479 1927
1741819161807 0.010593090206384659 1928
1741819162301 0.012127704918384552 1929
1741819162791 0.011350983753800392 1930
1741819163278 0.008754046633839607 1931
1741819163770 0.010350553318858147 1932
1741819164266 0.010896425694227219 1933
1741819164775 0.011817295104265213 1934
1741819165289 0.013144866563379765 1935
1741819165795 0.011991067789494991 1936
1741819166297 0.009997203014791012 1937
1741819166787 0.010658951476216316 1938
1741819167278 0.01030389592051506 1939
1741819167772 0.011580943129956722 1940
1741819168274 0.010283219628036022 1941
1741819168760 0.012433660216629505 1942
1741819168843 0.027146801352500916 1943
1741819169331 0.012570119462907314 1944
1741819169813 0.013951050117611885 1945
1741819170296 0.01225448027253151 1946
1741819170786 0.012851512059569359 1947
1741819171277 0.018609270453453064 1948
1741819171766 0.013441157527267933 1949
1741819172266 0.012037238106131554 1950
1741819172754 0.008204208686947823 1951
1741819173251 0.009137053973972797 1952
1741819173744 0.0070625655353069305 1953
1741819174237 0.00526654114946723 1954
1741819174720 0.01111789420247078 1955
1741819175228 0.01318264752626419 1956
1741819175736 0.009400276467204094 1957
1741819176248 0.0150741096585989 1958
1741819176753 0.012590469792485237 1959
1741819177265 0.012407831847667694 1960
1741819177770 0.01745530031621456 1961
1741819178281 0.00821355078369379 1962
1741819178787 0.014983564615249634 1963
1741819179304 0.008894531056284904 1964
1741819179835 0.01257008034735918 1965
1741819180349 0.013219991698861122 1966
1741819180847 0.0035348429810255766 1967
1741819181354 0.01395654771476984 1968
1741819181862 0.012310315854847431 1969
1741819181924 0.0029142573475837708 1970
1741819182430 0.007908634841442108 1971
1741819182933 0.008016020059585571 1972
1741819183457 0.008486257866024971 1973
1741819183967 0.013166111893951893 1974
1741819184475 0.01633656583726406 1975
1741819184984 0.015191284939646721 1976
1741819185503 0.013217484578490257 1977
1741819186014 0.010209405794739723 1978
1741819186514 0.00608420092612505 1979
1741819187020 0.010573375970125198 1980
1741819187520 0.04781176894903183 1981
1741819188014 0.012874353677034378 1982
1741819188511 0.012497553601861 1983
1741819189006 0.011515334248542786 1984
1741819189514 0.009321521036326885 1985
1741819190018 0.01059725135564804 1986
1741819190526 0.013367687352001667 1987
1741819191048 0.008263131603598595 1988
1741819191666 0.012113683857023716 1989
1741819192248 0.01213034987449646 1990
1741819192807 0.010165251791477203 1991
1741819193392 0.010129239410161972 1992
1741819193950 0.021420883014798164 1993
1741819194510 0.013120152987539768 1994
1741819195107 0.02205668017268181 1995
1741819195676 0.00890810415148735 1996
1741819195806 0.02513733133673668 1997
1741819196412 0.008443177677690983 1998
1741819197027 0.01669449359178543 1999
